#version: 0.2
Ġ 0
Ġ e
Ġ [
a x
o r
Ġ d
] ,
Ġ b
t e
or d
w ord
y te
Ġb yte
Ġd word
a d
a l
Ġe ax
Ġ +
m o
mo v
ad d
Ġ al
f f
c x
Ġe s
b p
d i
Ġ -
i n
b x
0 0
s h
Ġ c
d x
p u
pu sh
e ax
Ġe cx
o p
e s
Ġ r
in c
m p
Ġc l
s t
Ġe bp
e bp
Ġes i
e di
ff ff
p op
es i
e bx
Ġe dx
Ġe di
n d
d e
4 0
a nd
Ġes p
Ġe bx
e cx
x c
s b
de c
c mp
ad c
r ax
al l
c all
: [
te st
Ġd x
Ġb h
e dx
s u
su b
1 4
1 0
e a
x or
Ġc h
Ġd h
a h
l ea
in t
4 1
sb b
Ġ 1
j n
e t
Ġ ah
Ġd l
xc h
xch g
r et
q word
Ġ qword
c l
4 8
4 2
o u
r s
j mp
Ġb l
1 00
s d
7 5
ou t
4 5
2 0
x f
a a
j e
4 3
l o
1 8
ffff ffff
x e
Ġ 8
14 00
rs p
Ġr ax
jn e
3 0
7 7
x b
2 8
Ġ word
Ġ 4
4 4
5 0
r bp
x a
x d
r cx
00 00
3 8
4 6
es p
Ġr cx
7 3
lo op
7 4
m u
mu l
7 0
6 8
n op
f d
6 0
1 5
j b
1 2
Ġ s
m m
a e
8 9
1 3
f c
8 0
4 9
x ffffffff
s al
Ġr s
j g
5 8
cl d
4 7
r di
c a
3 9
i mul
b b
j l
ffff ff
7 8
r bx
cl c
Ġ x
1 1
7 2
3 3
Ġs s
r or
2 4
9 0
7 6
a r
n e
Ġd s
1 6
Ġx mm
f e
6 5
r o
ro l
c d
x ff
8 3
1 7
Ġr dx
1 9
di v
f b
6 6
f i
r i
Ġc s
ri p
Ġ st
8 5
rs i
Ġ 2
2 5
d a
ret f
loop ne
2 9
j ae
e n
te r
en ter
c c
5 9
5 6
st d
5 3
l d
6 9
j o
v e
7 9
2 3
in sb
00 0
lo d
out sd
jg e
8 8
lea ve
l es
6 3
b e
r dx
2 2
ah f
st o
5 5
b a
b c
Ġrs p
s ca
2 6
1400 0
b f
l t
h lt
b d
j s
Ġr bx
c e
st c
out sb
3 4
Ġr di
Ġrs i
6 4
pop al
5 7
st i
2 7
f a
sh r
jb e
8 4
s ar
2 1
Ġ 3
xffffffff ffffff
j a
cl i
3 6
jl e
5 4
x ffffff
3 7
a f
3 5
Ġr bp
a b
9 8
f s
e e
p l
5 1
Ġ fs
3 1
d c
a c
e c
5 2
6 1
3 2
sh l
jn s
ar pl
t b
push al
mov z
movz x
0 8
6 7
e b
c w
in sd
6 2
d d
loop e
9 9
g s
Ġ gs
i ret
iret d
jn p
cw de
c f
100 0
int o
d b
aa m
sal c
lod sb
d aa
mov sd
mov sb
m c
7 1
l a
x la
xla tb
c mc
0000 00
d f
e f
0 1
aa a
aa s
c b
push fd
jn o
da s
r cl
Ġ 5
j p
xffffffff ffff
r c
l ahf
rc r
sca sd
cd q
e d
p s
Ġ ax
Ġ mm
8 1
9 4
w a
sto sb
8 2
pop fd
j ecx
jecx z
sto sd
s ahf
l jmp
f div
i t
wa it
Ġxmm word
cmp sd
0 4
a ad
ou nd
b ound
9 5
lod sd
fi st
9 3
sca sb
cmp sb
Ġ 6
9 2
9 7
40 3
8 7
8 6
0 2
0 3
9 6
l call
Ġ 7
9 1
ld s
40 2
f st
f ld
Ġ 9
40 1
f mul
40 8
fc o
f add
i div
4 10
40 5
f sub
45 8
40 4
) ,
0 6
1400 1
0 5
Ġs i
0 7
xe b
40 6
1400 2
4 14
0 9
40 9
40 7
10 1
xf e
fst p
c o
t p
c k
Ġd i
fist tp
8 00
x ffff
100 1
c mov
fi ld
fdiv r
2 44
100 40
4 48
Ġ cx
41 8
3 00
bb c
1400 3
lo ck
xf c
ab s
mov abs
4 45
000 1
41 2
10 2
f n
42 0
ne g
41 5
xf d
41 3
mov u
fsub r
41 9
100 2
ff f
100 3
n o
41 6
xc c
48 3
4 00
fi div
no t
movu ps
41 1
42 8
fco mp
fco m
mov s
10 8
mov a
2 00
41 7
10 4
fi co
fi add
s et
mov d
4 43
fi sub
mova ps
xffffffff ffffffff
mov q
10 3
42 5
42 3
xa c
Ġb p
xb c
f imul
100 4
xf b
43 0
42 9
xc d
42 2
43 8
Ġs p
xe c
8 45
x ea
0000 0
xb f
xb a
xf a
b ff
46 8
xa f
xd c
42 7
Ġb x
42 6
x de
xb e
Ġx word
fist p
42 4
ba c
r e
48 0000
45 0
xb b
xd b
f bb
48 9
x aa
movd q
43 5
10 7
42 1
xc f
x ad
xb d
xc b
10 5
re p
45 89
ff c
5 00
fc mov
xffffff f
d bbc
xc a
xe f
14 8
xd f
xa b
1 20
00 6
xc e
4 40
43 9
xe d
43 3
xd d
40 10
4 75
44 6
48 4
xa e
48 0
43 2
8 0000
xe e
100 5
4 70
43 6
8 50
s w
44 4
xd a
5 58
46 0
10 6
0 45
1 70
1 40
7 00
18 0
Ġ add
movs x
bb b
48 8
1 10
0 85
45 3
45 5
43 4
43 1
a ff
45 4
4 42
43 7
44 9
47 8
Ġ tb
Ġtb yte
1 73
xffffff fe
100 00
28 0
1 18
movdq a
0 40
fn s
100 41
4 41
1 30
n v
xffffffffffffff c
0000 01
ff fe
i z
Ġr iz
1 50
44 7
68 5
100 6
b fc
45 9
15 8
3 000
00 40
u co
b ffff
30 2
48 000000
45 2
b nd
6 00
fidiv r
89 0
74 00
244 4
fico mp
46 5
xffffffffffffff f
fico m
d bb
8 40
4 77
9 00
2 20
50 5
1 28
1 60
fisub r
u d
2 47
ld t
f uco
45 6
ff b
75 0
8 30
1 38
46 3
f q
4 73
s ldt
46 9
7 20
8 000
d ff
00 4
100 10
18 8
xffffffffffffff e
89 48
xffffffffffff c
77 4
8 83
7 40
c ff
49 0
40 11
45 1
2 000
45 7
40 12
100 7
77 3
68 0
50 8
1400 5
75 8
14 4
100 8
18 3
10 9
ffff f
xffffffffffff e
1 90
48 6
000 2
ff e
5 48
49 8
2 48
46 6
46 2
7 48
20 8
1 72
s e
Ġdi l
fd b
100 9
d bac
fc c
14 7
6 60
2 50
46 1
46 4
30 8
70 8
38 0
5 75
47 2
46 7
st p
00 2
1 68
39 0
7 43
48 2
18 9
20 4
3 30
65 6
100 42
47 9
ffff fe
48 5
fb f
7 60
1400 4
xffffff e
e ff
47 6
2 10
38 3
se te
49 4
36 7
000 3
set ne
fcmov n
20 2
80 8
30 5
12 4
e bd
fb stp
14 5
19 8
1 78
60 8
5 65
movs xd
2 72
14 3
e fd
28 8
j rcx
jrcx z
75 3
4 74
st sw
fn stsw
xffffffffffffff d
00 3
0000 02
89 4
14 2
68 3
1400 6
2 90
cc c
18 4
a fb
16 3
c fb
30 3
a fe
set g
78 3
77 0
13 4
13 7
49 3
48 7
2 40
15 4
be c
2 45
te nv
fns tenv
33 3
7 46
2 28
100 11
cmov e
xffffffffffffff fe
2 18
2 60
40 70
0 33
2 70
5 60
ae f
ff d
28 3
38 9
20 1
76 9
30 1
100 12
49 9
48 1
1400 15
5 70
38 8
e fb
y mm
Ġ ymm
6 58
fe b
49 5
c fd
73 6
c fc
40 90
75 000000
20 3
20 6
100 43
77 77
2 30
1 14
77 6
76 3
68 9
bb a
13 9
1400 12
75 00
m i
63 6
47 1
Ġsi l
49 2
19 9
00 8
11 7
49 6
5 80
14 1
ba b
fld cw
0 83
1400 16
stc w
fn stcw
xffffff c
00 41
30 6
14 9
2 33
00 1
s i
fe f
483 48
fa b
30 7
8 80
30 4
08 45
d bd
38 7
fb a
14 6
85 5
18 1
11 1
1400 13
0 84
18 7
d cc
xffffffffffffff b
d fc
33 5
a fc
d fd
push fq
10 10
90 8
7 68
60 4
3 73
20 5
d ba
ae b
48 00
7 42
xffffffffffff d
b fd
n p
29 8
72 6
74 9
2 38
Ġb pl
b fe
00 42
c fe
19 4
12 3
49 7
ce b
e fe
xff f
17 9
77 8
40 13
39 7
28 9
16 4
40 38
60 6
28 5
15 7
20 9
20 7
75 6
a ve
2 58
11 6
e fc
50 3
40 30
60 3
28 4
17 1
18 5
78 8
xffffffffffffff a
xffffff d
fns ave
1400 19
f l
70 4
23 4
f r
18 6
80 1
68 8
fb c
15 3
fdiv p
ad b
16 6
1 77
76 6
7 41
xffffffffffff f
50 4
8 58
ff fd
xffffff fd
ce c
49 1
70 7
15 6
fb ld
bd b
40 80
70 6
100 0000
40 72
3 50
15 2
de nv
fl denv
xffffff b
75 4
e bc
66 2
11 9
40 60
70 3
00 5
cmov ne
40 39
13 6
fuco mp
fb e
ffff fd
28 1
16 7
np ck
ce f
15 5
16 5
bd c
50 6
0 39
cd c
15 1
14000 3
e bf
8 75
13 3
16 2
80000 000
f ea
18 2
3 77
74 7
ff a
5 90
st or
cc f
a fd
50 2
fc f
14000 9
12 7
fe e
b s
12 9
7 0000
5 68
16 9
fr stor
ad f
50 7
60 7
12 6
13 2
38 2
be b
3 20
28 2
1400 7
70 1
39 8
5 20
9 83
3 58
15 9
80 2
ffffff f
8 000000
30 9
5 18
40 29
75 2
40 18
0 20
50 1
28 7
14000 6
4 000
72 3
19 3
28 6
40 20
xffffff a
a cc
13 5
90 1
12 1
cd f
14000 2
ca c
e bb
69 6
50 50
23 2
12 5
ea c
40 25
ae c
73 2
3 48
41 00
14000 5
fe d
16 1
12 2
x add
40 48
be f
38 4
40 14
90 3
40 42
90 4
75 5
75 7
13 74
d bc
80 3
39 3
b cc
p d
5 10
39 4
f de
40 59
ba f
1400 29
c bd
13 1
66 6
99 3
p cmp
2 14
a bc
73 7
2 68
25 4
ad e
p add
cd b
60 1
40 49
6 10
b fb
76 2
40 45
26 4
fa c
90 9
bb d
23 7
3 40
1400 14
58 8
80 4
77 7
72 7
5 30
5 38
40 50
2 78
65 7
3 10
14000 8
fe c
6 46
73 3
40 43
de b
19 7
b t
ff fc
19 2
pop fq
73 9
4 0000
cd d
63 7
76 1
40 15
c v
79 8
00 7
73 5
0000 03
6 40
3 14
40 46
50 9
ad a
p sub
su bp
fc e
1400 10
9 80
b da
68 6
79 7
aa c
be e
fb d
bc b
bf a
19 6
9 85
bb f
1400 18
fd f
60 2
70 2
70 5
fa f
40 28
be d
90 2
1400 25
60 5
60 9
100 45
cd a
38 5
66 3
ce d
76 7
75 1
29 4
40 40
78 1
bb e
3 28
de d
65 4
53 5
68 1
1000 1
38 6
8 10
72 5
14000 1
23 5
de f
78 7
5 89
70 9
b ea
69 8
8 20
ae e
23 6
76 4
de e
19 5
68 2
25 2
ee b
65 3
75 9
78 2
22 6
22 2
33 4
00 43
38 1
25 3
pu npck
40 58
7 45
77 2
ca f
40 41
68 4
movdq u
72 4
8 89
65 9
bc e
19 1
73 4
c fa
78 6
83 48
r ee
ff ree
b aa
ce e
da c
23 1
76 5
39 2
xffffffffffff b
100 13
dd d
73 1
e dc
53 6
66 9
39 9
33 2
ca b
68 7
58 3
40 69
d be
72 1
7 10
9 0000
9 10
ea f
2 0000
e be
a bb
bc f
72 9
77 9
14000 7
2 74
40 47
8 41
22 7
65 5
fd a
1 74
10 14
78 4
s s
66 4
78 5
79 6
fd c
33 6
80 5
rep ne
cc e
ae d
00 9
0 10
26 2
de a
0 37
29 9
59 8
3 60
25 9
25 6
88 8
7 89
ea e
d dc
53 4
40 16
7 75
65 00
fc d
a fa
1400 9
c bb
c be
ac b
bd f
3 68
d fe
n ce
6 28
7 80
90 6
39 6
25 7
3 70
25 5
63 4
ac f
1400 11
40 33
xffff f
29 3
fc a
dd f
5 28
40 79
7 30
2 46
aa e
25 1
fc b
72 2
29 2
5 13
0 44
65 2
89 8
d ce
29 7
3 38
ee c
40 55
fuco mi
1 12
Ġst o
ea a
d bf
aa b
40 36
6 50
15 15
6 48
5050 505
39 5
90 5
56 3
69 4
40 19
53 2
63 2
40 68
5 50
79 3
10 18
c bc
1400 8
14000 4
29 6
sh u
a ca
d cd
cc b
79 9
a ce
aa f
79 2
6 16
da f
f xch
d fb
7 14
3 74
79 4
2 24
33 7
22 1
3 18
a bf
26 7
66 7
000 4
0 80
2 77
29 5
40 35
3 43
cmov b
79 5
ea b
63 5
39 1
40 56
40 71
0 24
100 44
ee f
2 76
6 14
5 74
26 1
fd d
90 7
27 1
fstp nce
53 7
5 45
a bd
2 42
40 85
b ca
3 59
e fa
6 30
58 4
36 2
0 55
1400 17
46 89
6 23
b ae
244 48
6 20
7 18
40 89
69 9
b de
d fa
100 46
58 5
e cc
100 08
e ba
d da
dc f
Ġ movsd
56 9
5 40
69 7
40 22
ee e
7 90
c bf
1400 28
c cd
69 3
6 90
40 37
66 1
8 18
ec b
6 75
40 53
ff fb
480000 01
69 5
65 1
100 14
58 6
40 77
8 68
0 30
40 23
40 32
33 1
40 26
5 14
a ba
40 75
b cd
29 1
83 0000
a be
42 00
cv t
8 70
c ba
bd d
ee d
6 70
c de
41 89
10 13
5 78
fcmovn u
6 18
58 2
6 68
7 38
a cd
7 000
80 9
8 48
1 75
b ad
35 2
88 6
p xor
10 12
10 15
a ea
59 9
dd b
2 11
40 78
c ea
da b
41 20
e db
1000 3
e de
7 17
7 28
6 76
f ae
6 74
dc b
58 1
5 33
58 7
40 83
2 484
c ae
e ce
59 5
63 1
e ad
77 1
2 43
8 60
xffffff fc
56 1
0000 04
56 7
e cd
40 65
1000 2
80 6
40 44
1400 20
f aa
1400 23
40 17
8 38
ec f
80 7
00 45
c ca
56 2
e ea
69 2
6 38
77 78
40 73
67 1
d ca
83 5
cmov s
d ad
100 15
5 15
83 4
8 77
d ae
d de
1000 9
55 5
3 78
56 4
6 33
89 1
p shu
0 75
40 88
40 99
40 27
2 49
wa p
bs wap
6 45
d ffff
3 42
Ġx add
3 53
08 7
e ca
l q
xffff fe
00 44
85 1
59 4
7 44
85 6
9 74
e df
5 39
e da
3 17
ff df
89 3
1 13
55 4
c aa
89 2
f ad
mul ps
0 90
ps r
3 75
xffffffffffff a
79 1
e dd
cmov ae
40 66
100 19
39 74
59 0000
55 2
5 77
59 6
40 91
fadd p
59 3
85 3
4 00000
5 25
c ad
0 68
0 50
53 1
10 11
8 24
9 20
2 75
40 31
59 2
6 42
xffffffffffffff fc
100 48
000 8
98 1
40 82
5 0000
e q
100 16
57 1
8 14
100 18
8 28
xor ps
73 00
40 63
f subp
40 76
59 7
2 41
69 1
100 47
1400 22
6 77
fco s
3 72
30 30
9 33
55 7
5 44
41 10
pcmp eq
3 47
0 38
0 70
75 01
40 52
5 12
5 73
89 6
3 24
40 62
85 4
5 42
10 16
89 9
fc movu
1400 26
10 19
9 50
6 43
6 13
3 0000
40 34
83 7
55 89
2 13
5 000
6 44
Ġc mp
5 72
Ġsto sd
40 92
8 42
3 44
6 41
3 63
88 4
1 15
9 30
0 18
0 14
6 26
2 12
0 28
1000 5
75 89
37 1
3 12
ac k
6 78
448 9
40 81
10 20
2 17
5 46
40 21
3 13
2 19
5 49
3 23
fucomp i
xff fe
89 5
64 48
7777 7778
Ġc all
55 1
0 58
9 40
Ġ je
2 23
3 57
1 76
9 90
9 58
5 43
6 15
1400 30
00 46
5 76
1400 38
3 45
40 98
100 402
35 1
40 86
0 60
6 65
bff fe
5 11
83 1
10 45
8 15
00 49
41 30
6 17
9 70
100 401
0 25
ff bf
6 72
6 39
5 22
59 1
40 51
fb dbbc
6 47
40 61
83 6
88 2
100 20
8 74
7 13
ffff fc
5 53
100 403
5 47
80 80
36 1
6 24
41 70
00 70
1400 27
ps l
48 000
fcom i
2 73
9 48
9 18
fcomp i
1000 6
9 60
3 46
cmov a
5 16
41 50
8 85
8 78
fcmovn b
90 90
3 22
0 78
2 16
db fc
9 28
2 39
9 75
5 19
5 41
5 17
40 96
6 27
10 17
40 93
0 88
40 74
41 60
8 11
ffff fb
5 23
5 29
83 2
272 30
40 57
3 39
89 04
3 41
40 24
6 12
xff e
fcmov b
1400 36
2 15
85 7
3 16
9 89
40 95
1400 33
88 7
6 73
5 79
9 14
88 1
31 74
08 6
40 67
0 48
5 24
6 49
1000 4
43 00
3 76
6 19
99 2
41 90
1400 39
3 15
5 59
8 39
44 00
6 29
10 75
41 39
fmul p
add ps
5 66
1400 35
8 458
3 27
6 25
8000 400
8 33
85 9
6 79
0 15
1400 21
99 9
3 66
mov l
9 72
2 79
5 56
0000 05
7 16
85 2
3 49
xffffffffffffff fd
0000 1
6 11
2 29
Ġ jmp
9 77
2 69
100 49
ffff e
2 25
6 22
2 63
3 11
5 21
ffree p
73 73
89 7
40 64
9 38
3 19
3 25
41 11
100 28
9 42
40 54
100 17
41 28
6 0000
8 46
3 29
41 99
1000 7
72 00
3 69
9 88
41 14
0 89
98 2
41 80
9 78
8 43
483 0000
5 27
0 100
Ġ and
fdivr p
3 56
42 44
ff be
5 26
41 18
9 68
3 54
100 25
7 12
1400 24
xc cc
41 15
41 12
8 12
3 26
41 25
a ffff
7 15
3 64
8 65
2 65
40 87
0 13
3 65
7 11
98 6
Ġ or
20 20
3 55
punpck h
2 66
75 0000
0 31
fcmovn be
99 4
98 7
41 13
33 00
8 44
3 79
1400 32
00 47
12 00
42 48
41 58
41 38
d q
69 00
33 33
41 68
0 74
41 29
8 76
45 50
Ġs ca
10 28
41 59
244 489
8 27
t ps
7 19
100 29
24 74
cmov be
41 19
fcmov be
100 405
Ġymm word
8 16
40 97
8 13
100 23
43 89
99 6
9 41
0 11
42 30
3 21
4 408
0 34
42 89
41 66
41 75
r d
p and
000 5
08 1
9 98
59 59
6 21
41 73
100 22
0 47
fcmov ne
9 39
40 84
41 72
fsubr p
1400 37
9 19
8 19
9 84
00 48
99 1
42 80
0 16
42 53
9 76
41 56
9 73
Ġ sub
300 1
a w
v movdqa
100 26
movs s
8 29
8 72
ff bc
42 70
8 17
41 22
000 6
9 44
72 72
000 40
65 006
0 17
mi ss
00 38
8 47
p m
41 77
e x
rep e
41 16
0 98
8 49
41 23
0 12
0 35
42 50
10 22
0 42
cmov l
0 65
fcmov e
99 5
9 31
99 7
m s
41 26
41 88
8 25
1400 31
pcmp g
41 69
xff c
41 65
41 55
9 29
89 66
100 404
42 47
eb ff
9 37
p i
9 45
42 10
64 00
9 13
8 73
xffff fd
9 24
9 69
100 30
9 43
100 410
8 69
42 28
10 30
9 23
42 49
cmp xchg
9 49
34 00
45 00
68 50
199 305
40 94
66 66
42 60
100 35
41 76
7 401
9 79
8 23
9 17
89 0000
100 406
0 19
41 79
100 39
8 63
43 43
42 55
fuco m
0 79
100 36
41 63
xa ff
48 01
41 35
bd bd
9 46
9 16
9 15
aa aa
8 66
0 64
9 25
9 66
74 000
42 90
68 00
100 38
41 78
41 53
9 53
8 21
8 64
41 85
82 404
9 11
8 22
Ġ adc
10 25
8 79
49 00
1400 34
480000 02
9 12
41 33
72 65
s y
9 34
psl lq
100 32
pshu f
0 458
0 54
9 59
8 26
18 000000
300 2
Ġ movsb
89 01
410 1
08 2
8 00000
10 46
0 26
9 22
42 20
mul sd
xff fd
41 32
66 0000
9 47
8 62
66 00
0 29
89 08
9 000000
Ġr et
41 98
0 43
41 36
73 000000
0 72
0 94
42 45
41 51
42 75
10 23
0 77
38 74
41 74
9 27
41 17
l w
41 52
9 52
0 46
r ack
not rack
41 91
ff fa
9 35
42 93
89 480000
b fff
0 59
9 26
42 46
41 37
41 21
41 62
0 32
10 48
41 31
53 00
42 42
9 63
9 36
0 21
0 23
100 21
12 74
out sw
08 75
0 56
42 18
42 76
9 65
41 83
0000 08
42 15
000 7
100 33
3 302
76 99
9 32
42 14
41 93
9 64
48 90
41 95
p mul
p or
9 56
100 408
xffff e
77 00
0 41
173 2
xff b
41 92
4 458
9 54
cmov g
0 27
Ġsca sb
pshuf w
0 49
0 36
42 82
85 48
42 03
10 29
ff bd
42 72
41 71
41 96
0 57
48 89
42 43
30 74
73 63
100 27
100 414
46 00
0 73
padd d
42 444
0 22
9 62
9 51
fd bbc
4 420
44 68
42 77
9 55
xf de
72 74
9 21
77 000000
65 74
pcmpeq b
75 000
10 40
42 01
8 61
41 82
6 000
fld z
41 57
100 409
42 29
42 33
0 446
pcmpg t
32 00
43 20
p a
subp s
100 24
0 69
0 51
9 71
83 000000
psub sb
r w
10 43
sy s
ffff d
7 403
800 700
7 000000
41 86
9 57
42 39
45 39
41 61
29 00
8 71
8 67
b w
0 96
xc ccc
44 48
9 67
42 65
42 83
41 27
410 2
42 16
19 93
8000400 5
u sw
100 407
42 38
movl ps
n t
3 774
45 88
10 50
10 38
xffffffffffff ebff
565 3
41 81
9 61
43 60
800 40
0 95
0 53
n s
set a
2 404
10 74
89 00
42 17
0 91
10 21
48 300
10 24
1003 12
set b
42 13
bff fd
1400 40
35 00
43 50
add sd
xff d
10 36
0 97
be be
42 79
42 12
42 40
42 02
0 67
41 40
43 76
6448 80
410 4
ff ce
q r
42 19
0 66
bd bbc
42 05
cl ex
fn clex
0 99
245 48
efd bbc
cc cc
39 000000
410 8
0 63
mova pd
720 8
42 58
41 24
42 57
41 97
414 3
Ġs pl
2 000000
10 26
0 93
47 00
41 000000
89 49
0 76
800 4
74 10
42 99
0 71
d t
40000 000
18 80
0 52
67 006
42 73
42 09
37 00
d fff
89 000000
42 25
49 000000
100 66
28 00
0 92
ff bb
42 08
ffff fa
43 10
41 64
42 23
42 52
42 36
41 34
42 85
42 56
42 59
0 61
43 12
43 72
42 62
42 88
10 27
410 3
10 37
47 89
100 60
ms k
Ġcmp sb
mov msk
43 08
22 00
170 3
41 67
42 68
fe ff
42 51
42 06
41 87
d fffe
56 00
42 74
41 54
2 454
42 27
17 38
43 48
42 78
100 31
38 00
43 30
43 14
pop aw
0 62
55 55
Ġ xor
100 000
xffffffffffffff eb
85 89
shr d
42 63
43 80
410 6
xffffff fb
10 70
42 32
100 70
39 00
xb af
ebd bbc
100 37
410 7
42 69
76 00
10 78
xffffffffffffff cc
0000 06
800700 57
rd p
rdp mc
42 11
43 70
42 37
41 94
25 00
1 10000
cv tp
66 000000
100 63
10 35
10 77
43 09
06 00
fc cf
41 84
410 5
100 50
34 74
7 0001
10 47
48 48
08 46
9 000
43 49
43 46
ff cf
43 39
42 22
42 95
bffff f
xff fc
74 75
44 75
p ack
10 68
43 45
410 9
43 69
psr lq
658 3
cvtp i
42 26
3 000000
bs f
42 61
10 55
43 90
100 68
63 00
14 45
l s
ls l
42 81
pcmpgt d
44 60
1515 1515
42 66
42 35
10 33
43 28
0000 8
48 0001
42 98
085 5
44 10
42 31
g dt
75 03
75 02
100 72
414 5
42 92
set l
41 993
5 000000
04 00
480000 03
414 1
36 00
43 18
u npck
43 79
fld l
43 38
h ps
43 58
42 71
43 78
45 03
83 00
10 39
43 25
43 03
414 2
414 6
53 53
0000 07
43 59
43 75
50000 000
500 8
18 00
414 7
69 74
73 74
33 000000
100 34
1400 45
xffffffffffffff fb
43 19
0000 2
xff a
44 78
45 08
43 13
pshu fd
10 53
48 08
100 73
43 11
43 77
1400 46
10 58
42 07
c ffff
24 00
43 68
co miss
43 65
79 00
10 41
48 20
100 52
72 10
085 0000
43 01
10 32
414 4
50 51
43 33
43 16
78 00
46 73
42 21
72 61
s gdt
44 14
42 484
43 36
43 15
50 10
48 10
4 405
14 75
cmov ns
fbb a
43 82
800 41
45 20
800 7000
45 38
1400 49
45 58
414 8
43 23
14 74
43 02
Ġ xchg
4589 0
44 98
300 4
100 56
ffff c
43 57
punpckh dq
21 14
1400 48
dfd bbc
11 74
10 80
l ar
43 22
42 86
xffffffff e
mm s
43 05
ld q
i g
300 3
100 59
04 40
89 02
44 70
45 30
100 413
in v
43 29
ig n
42 96
fb db
100 65
t s
al ign
43 73
p align
palign r
100 62
89 10
bff c
44 49
0000 000
aff b
13 14
xf eb
6 0001
414 9
10 88
74 0000
44 45
ebd bb
3 100
Ġcmp xchg
bs r
80000 01
448 8
1400 47
sh ld
bt s
45 45
100 58
43 40
10 34
443 8
or ps
42 04
41 0000
43 74
xe bc
4 000000
89 44
v movaps
43 63
43 83
Ġ inc
81 12
45 48
bff fc
43 62
45 18
46 14
74 99
xe ba
200 1
10 90
xffffffffffffff ec
inv d
42 91
mi sd
800 70000
ef bb
xa eb
17 000000
4 418
10 49
xffff fc
59 00
43 85
efd bb
48 50
4 428
75 74
10 60
7 402
48 00000
43 92
45 90
40 104
43 21
42 54
100 412
53 50
44 62
ffff b
45 51
1400 43
44 46
44 90
fd bb
00 37
5 489
43 47
43 99
48 30
42 94
42 67
v g
xf db
13 00
1400 50
pa vg
0 4589
42 87
43 88
2 774
cdq e
085 00
b ffffff
44 63
1400 42
48 23
xffffff ef
00 20
xffffff df
75 75
43 32
15 74
43 35
100 76
43 64
44 44
25 25
1400 41
53 000000
830 4
10 89
xf ba
46 75
02 484
46 70
45 33
100 55
45 83
50 89
10 42
100 90
43 26
42 34
43 06
45 70
82 484
44 66
33 74
43 53
172 97
set o
100 75
bc bc
100 69
489 48
fe fe
100 80
17 00
42 64
7 465
Ġd ec
uco miss
cmov no
qr tps
43 56
43 52
16 74
xffffffffffffff fa
6 000000
46 20
xffffff ec
100 53
100 77
xa fe
14000 15
xb fb
10 44
42 84
44 76
7 408
04 48
cvt tps
45 80
16 00
660 2
003 100
741 993
e fdb
18 75
27 10
68 000000
xffffff bf
14 46
43 66
44 77
43 81
5 00000
44 79
45 52
74 74
ffffff e
48 28
43 55
100 78
sto sw
bb ff
88 88
66 30
43 17
c h
43 98
p r
et ch
ef etch
pr efetch
74 0001
45 09
ff ba
44 73
43 93
14 2444
10 79
45 68
xf ec
f p
45 23
pcmpeq w
54 00
42 41
p movmsk
pmovmsk b
10 59
56 50
000 9
42 24
85 58
100 71
52 00
movl pd
44 65
72 76
cvt ps
43 86
10 84
xffffffffffffff cb
xb ba
xff fb
fb dbac
10 56
73 20
44 74
10 31
51 50
55 00
57 00
47 60
49 0000
4 409
45 60
fs in
10 76
40 1000
48 65
42 97
46 15
45 28
7 459
39 48
46 30
st r
100 51
bd bb
58 00
43 51
62 00
24 14
46 72
45 49
43 07
1400 44
443 0
17297 438
cmovl e
100 79
w d
xffff fb
45 01
1400 60
18 45
4 415
70 70
xf ee
and ps
03 47
100 67
68 68
4 422
43 61
div ps
dff fd
46 46
1 100
15 000000
c fdb
100 83
Ġsto sb
46 90
80 40
4 403
45 53
67 00
08 50
4 402
43 37
0000 09
100 411
14000 12
4 401
63 65
45 14
173 1
4 417
xb ff
af bb
14000 29
sub sd
18 90
38 80
44 72
43 24
73 65
xc eb
2 494
45 78
xb eb
a ffc
27 00
xffffffffffffff ca
800 42
46 88
xe be
100 85
4 413
xf ed
xb bb
80 12
43 31
58 17
45 75
170 7
00 32
10 52
13 75
45 85
4 419
48 27
xf ef
xe bd
43 44
72 0003
43 71
dbd bbc
ba ba
45 77
26 74
46 01
14 50
46 22
15 00
44 93
45 02
45 19
44 95
46 80
ebd b
43 84
Ġc r
44 69
48 02
10 244
78 78
1400 59
45 16
xffffffff c
100 416
Ġ sbb
45 29
43 96
0000 16
44 99
10 69
7 683
xb fe
11 75
50 52
8000000 2
48 890
48 38
1400 68
xe bf
4 412
78 83
100 99
46 77
17 10
punpckh bw
45 36
100 64
100 89
100 57
xffffffffffffff bc
v m
46 50
45 66
88 80
43 27
35 74
45 15
100 61
48 68
4589 04
xffffff fa
80 24
10 73
cfd bbc
74 0003
bffff fe
44 47
xffffffffffffff bb
46 55
43 67
20 74
38 38
20 65
43 95
14000 25
45 65
19 19
10 51
00 10
46 21
45 79
76 10
xf ea
1400 58
xffffffffffffff dc
rep z
83 000
18 46
02 47
100 98
5 750
2020 200
ffff a
43 91
cd cd
l bw
10 85
punpck lbw
10 72
padd w
46 28
c ffffff
100 419
100 82
46 16
4 423
pack s
46 09
ff cb
75 04
48 70
47 11
77 0000
4 425
43 04
401 74
pmul h
45 73
27 43
45 59
46 03
46 06
fb dbb
400 8
10 63
7 438
45 12
45 99
29 74
47 93
448 92
4 429
46 58
18 50
43 42
800 2000
100 88
0 147
48 58
43 34
u sb
45 72
xd be
45 35
xffffffffffffff ba
82 444
2 708
44 61
17 17
xe de
45 25
4011 20
h s
fc hs
44 92
43 54
22 74
47 13
xffffffffffffff ef
20 73
xf cc
100 415
47 12
4 406
46 39
1400 56
45 05
46 74
10 65
1400 53
47 20
43 97
45 32
45 000000
48 0002
c fff
10 57
10 66
80 87
xb fc
xea c
48 40
06 0000
100 418
xf ce
100 00000
46 38
100 74
45 17
3 145
480000 04
46 68
c ffb
4 416
43 87
76 40
28 40
46 08
575 6
45 98
xf ca
21 13
48 60
xffffffffffffff bf
10 62
7 404
12 75
82 48
45 46
74 40
xffffff eb
xc bc
punpck ldq
4 411
46 76
46 02
xde b
xb ae
7 420
1400 55
xb aa
10 61
0000 3
xe eb
199305 20
fld pi
xb ac
xffffffffffffff cf
45 69
64 006
48 25
50 56
19 74
xd ddd
45 13
1000 11
xffffff dc
45 22
xba fc
xc cf
mul ss
47 80
xb be
14 40
46 36
98 50
74 73
45 76
10 83
76 0001
900 4
45 56
48 80
8 148
56 000000
xffffffffffffff af
sys ret
10 2444
10 87
08 40
48 18
xa fc
68 0000
101 20
21 74
xf df
14 78
50 20
400 3
db cc
x adc
445 0
17 13
248 48
pm ax
45 26
d fdb
18 800
45 06
13 15
cvt si
Ġd r
xffff fde
xffffffffffffff ea
46 60
2000 6500
18 2444
44 40
44 43
45 37
46 890
10 54
44 000000
48 11
xd ff
17 172
44 96
44 64
75 08
45 86
x dec
720 4
448 90
82 44
in sw
43 41
45 55
100 86
14 48
l ps
4 426
30 20
448 0
100 420
1400 65
63 78
83 66
45 74
cmovg e
73 0000
100 81
46 23
100 87
45 62
02 48
xffffff cd
cf bb
xffffffffffffff db
xffffffffffffff df
cmov o
bt r
45 82
45 47
ff dc
100 54
ff ec
20 46
46 18
1400 63
45 92
1000 10
xf bf
shu f
14000 14
fd ba
200 4
pcmpeq d
85 0000
0 450
800 1
247 48
18 40
4 404
43 94
57 40
46 52
efd bac
88 00040
48 22
xe fe
45 21
15 75
xd af
48 05
i d
199305 21
8 0001
bff fb
478 802
400 40
3000 3
45 93
28 02
445 4
48 66
14000 11
xa cc
pavg b
u b
c pu
cpu id
3000 2
xa fd
18 74
45 11
330 475
xffffffffffffff ac
79 72
ms r
dbd b
set be
3 0001
1400 69
xf be
18 94
46 13
Ġcmp sd
s q
44 97
xffffffffffffff be
46 66
46 19
1400 52
4 407
set ae
10 67
xf ac
2000 6
39 66
7400 3
14 14
xc de
45 07
45 63
65 72
44 67
39 38
46 69
adb w
xffffffffffffff aa
ps adbw
xffffffffffffff ed
46 48
xffffffffffffff ab
46 49
478802 46
xa bb
xffffffffffffff da
08 43
138 0
47 28
4 421
443 1
46 25
10 82
80 84
46 59
xb bc
xb da
xb fd
7 407
66 67
7 00000
xb cc
48 26
89 41
78 80
48 32
50 57
88 30
45 71
46 05
xffffff cc
46 92
10 95
18 19
47 38
cff e
48 04
39 80
44 42
7 430
ff cc
xc ce
e fff
prefetch t
5 100
0 447
xa ef
47 10
72 50
21 77
xc dc
14 244
a n
ff ef
shuf ps
46 33
44 71
t an
45 31
xb ee
xffffffffffffff ce
48 03
79 74
8000000 1
45 67
17 75
xff fa
4 427
443 5
400 4
38 40
47 15
47 16
48 21
20 83
xffffffffffffff dd
ex t
setg e
xe ee
xa bc
p ext
59 590000
47 88
xffffffffffffff bd
xf bc
xe ed
47 68
pext rw
45 95
xa ce
26 00
cvt dq
xffffffffffffff cd
xf aa
45 10
46 12
28 74
xa fa
xffffff ac
xe fc
xffffffffffffff de
xb ce
bdbd bd
14 10
ff db
85 000
1 402
83 10
ebd bac
28 50
dfd bb
48 09
199305 22
90 84
69 46
xa ca
83 000001
xffffffffffffff ee
mov hps
xccc cc
mov nt
eb ffff
xa ee
xf dd
xe ce
1400 66
fe mms
48 88
44 91
42 454
f y
fy l
xf da
77 19
47 90
04 41
006 100
1400 67
100 417
45 96
46 83
xb ab
xc ac
12 150
xb dc
49 20
8948 00
44 41
61 72
6 100
38 83
1400 57
0 101
46 71
0 10000
46 53
04 43
co misd
xffffffffffffff ae
717 17172
47 30
xf bb
xd dd
300 7
Ġ jae
20 10
14000 26
46 29
47 75
48 98
xc fc
46 78
445 5
46 79
xffffff bb
46 56
443 4
45 97
19 75
189 48
245 48948
445 3
48 15
fcc fb
46 93
85 000000
05 58
f dec
01 50
8 302
xd cd
10 98
xaa aaaa
7 680
100 93
xb bf
1 403
eb fc
443 7
xb cb
fucomp p
11 993
1 774
700 40
38 50
c al
46 17
xe ff
cal e
fs cale
65 70
psub usw
c ffc
xf dc
xffffff de
40 107
Ġ insb
xb de
c feb
45 91
xad e
4011 10
00 28
punpck lw
punpcklw d
100 96
xd fc
48 12
75 76
48 63
45 61
445 2
47 40
2 00000
7 463
e ffc
448 2
47 62
49 48
443 6
11 60
10 64
8 104
xb ec
10 91
padd b
800 8
18 0000
46 07
46 99
re m
fp rem
4 0003
100 422
7400 38
xa ea
xd ae
16 13
746 56
14 88
443 3
74 000002
73 72
xc df
xb db
45 04
bffff fd
45 34
xb fa
16 17
46 63
46 85
74 000000
8 100
443 2
unpck lps
89 20
19 00
10 81
16 0038
45 27
68 40
xa be
78 15
efb a
1400 62
24 75
xe bb
xf cb
4 0001
0000 4
xea f
48 52
xc be
xffffff cf
47 14
45 81
83 49
xa cb
800 43
e ffff
45 40
79 76
47 23
00 31
xd fe
57 000000
39 39
800 45
890 84
48 0003
60 70
49 49
08 506
bff fa
1400 80
82 41
xffffffffffffff ad
39 49
47 18
xf cf
46 31
dff fc
xe ad
44 94
102 47
83 40
4010 10
pand n
a fff
xa ba
ff da
76 600
xffffff ed
448 7
bd bac
xd ad
46 32
46 65
62 76
8000 40
00 76
xe cc
78 40
46 51
14000 70
14000 55
xa fb
xd ce
rc p
psr ad
445 9
48 49
sys call
xc fe
445 1
800 47
14000 13
0000 5
445 6
48 35
100 92
xad f
xb ca
173 5
50 53
Ġ outsb
1400 51
48 62
xffffff ea
xc ff
cl ts
48 96
14000 75
cbd bbc
100 95
s qrtps
443 9
efd ba
xb ad
n di
fr ndi
frndi nt
xa cf
cfb c
1000 60
78 50
14000 69
448 4
xb cf
48 17
xc bb
2 508
xffffff bc
49 000001
500 4
psub d
470 8
psub sw
48 06
47 63
8000400 3
1 280
46 35
xf cd
psr ld
83 41
2 776
dff fa
08 58
800 46
10 71
14000 59
0000 10
78 13
xc dd
50 11
14000 58
xffffffffffff ca
xb bd
14000 60
14000 79
66 000001
e bbb
49 60
100 91
xf ae
470 1
xc ec
cmov p
27 20
48 75
173 9
14 89
39 0000
11 11
82 40
rd ts
rdts c
49 28
xa ec
483 0001
49 30
14000 68
xc cd
17 28
20 75
xd de
12 76
xd fa
7400 73
dff fb
1000 14
xd dc
244489 48
8002000 4
68 52
fbb d
45 24
4012 10
xd fd
p in
48 64
pin s
1010 100
47 29
49 74
40 288
33 34
10 92
xffff c
90 24
48 59
xc ad
49 04
30 68
46 54
14000 19
xe cb
xb ea
qr t
46 95
bt c
23 00
xc ee
1400 54
49 05
xe fb
14000 77
11 30
xffff fbf
Ġsca sd
c fffffe
08 48
xffffff af
78 14
14000 16
xffffff ba
xaa c
75 40
172 7
14000 99
448 5
48 39
46 04
448 1
xffffff aa
46 98
48 16
38 99
xb cd
padd q
47 17
470 7
45 64
50 30
46 11
48 83
880 1
rcp ps
21 15
85 00
75 05
pins rw
xea e
45 57
38 30
80 11
800 44
40 103
10 86
49 08
9 0001
48 53
58 50
45 87
45 54
18 89
46 47
add ss
Ġ lodsd
14000 80
fc ce
xffffff db
48 82
12 77
setl e
e bba
0000 6
500 374
ae fb
14 18
49 01
xffffff be
77 76
300 40
100 421
08 41
50 40
47 69
1000 12
22 77
1400 88
14000 28
48 72
xffffff cb
4 424
xc ae
20 2444
xffffff ee
1 408
46 26
xffffff da
xc ca
movs w
1400 64
14 55
xd ac
xe fd
usw b
pack uswb
49 80
48 33
14000 22
7 429
xd cb
46 37
77 43
c bdb
05 74
99 99
psub w
90 80
xc bd
04589 48
165 72
48 07
bff b
47 25
14000 38
48 74
xe ec
14000 65
14000 35
45 84
448 3
760 3
xc ba
46 34
45 41
46 96
xb df
11 10
Ġ outsd
45 44
Ġ lodsb
48 78
8 1000000
30 44
ud q
150 8
pmul udq
fc fc
xf bd
psl ld
14000 39
xc fd
48 99
fcomp p
pm add
xe ca
48 13
084 0000
7 428
300 8
47 41
xa bf
pmadd wd
ff eb
04 0000
4589 0000
xc cb
4012 50
1000 20
09 40
12 15
14000 30
445 7
21 10
xffff d
46 27
47 19
Ġ jne
xffffff dd
xd cc
xffffff ae
Ġ insd
psub q
830 8
100 426
xd fb
cccc ccc
87 40
15 89
xe dc
e ffe
21 12
xd ca
xaa e
100 84
xe cd
46 40
7373 7374
xf ab
61 70
47 26
74656 700
14000 17
14000 20
xde e
e mms
68 56
dbd bb
1400 70
xb ed
14000 89
xffff fa
48 14
49 25
xb dd
49 58
xffffff ad
fbb f
b fdb
fab s
39 08
04 74
xe db
49 75
xd bb
14000 85
xd bc
Ġ jb
48 92
48 29
300 5
1000 70
63 63
49 77
xd bd
47 61
14000 90
62 43
xf ad
xe da
48 73
46 10
25 74
14 15
89 03
49 90
1400 78
xffffff ab
padd usw
16 75
448 6
xc da
14000 73
ad ad
47 65
46 62
08 47
100 430
31 30
45 43
50 14
7 469
75 39
83 73
48 69
46 41
48 19
28 2444
fc ba
628 02
xffffff bd
cmp ps
48 85
88 40
padd sw
3 1000000
14000 66
xd aa
48 77
xffffff ce
89 14
xa cd
14000 23
11 77
84 00
045 1
Ġret f
04 42
bebe be
11 73
45 94
76 76
unpck hps
xd ba
58 40
68 90
74 006
20 41
1400 61
14000 72
46 57
46 86
xc db
18 244
xde f
movmsk ps
49 03
ve rw
xe df
46 97
720 1
69 72
14 68
83 480000
14000 32
47 83
200 5
46 84
1400 79
48 55
40 105
ff ca
89 18
22 75
909 000
49 63
ce fb
100 432
200 8
d ffc
49 02
38 89
88 00
bfd bbc
49 72
22 76
44 0000
7 489
padd sb
81 40
11 20
47 85
14001 68
50 80
xf af
47 99
98 00
d bec
4823 005
fb dba
88 24
afe f
75000 87
pmul lw
100 427
41 000001
1400 77
5 389
47 66
500 2
49 38
49 27
cvt t
14000 18
244 6
fc fb
xb ef
78 17
14000 71
40 101
78 16
xa ed
9 00000
68 53
72 0001
1400 163
xd bf
760 1
46 67
30 58
xd da
40 683
48 54
49 78
1003 123
470 2
100312 48
xca ca
100 94
47 22
11 38
700 4
b fbf
66 20
100312 38
74 48
100312 34
85 18
m xc
s r
mxc sr
xccc ccc
20 50
46 61
38 209
78 18
14000 33
4589 10
33 0000
xffffff ca
13 77
w b
22 73
00 64
74 78
ffff ef
wb invd
dcc f
100 443
xa bd
80 20
09 90
46 81
33 59
46 82
1075 004
71 72
14000 36
27 75
xc bf
afd bbc
14001 28
46 87
xad b
1000 30
18 77
set s
65 65
xc fb
xe cf
u w
48 76
40 145
bd ba
or pd
x aaa
bb bb
170 8
xa ad
efe feff
19 78
47 98
02 00
pcmpg tb
4000 18
850 1
49 70
4014 55
830 1
m ax
1 401
48 61
ffffffff fffffff
23 23
psub b
49 54
45 42
73 69
xe fa
1 104
13 30
14000 50
1400 75
76 30
10 458
cc fb
pmulh uw
xaa b
4010 80
1400 139
ce bb
085 48
90 45
1400 72
46 91
89 59
xc ed
47 48
11 28
xeb ffc
xea b
uco misd
20 70
12 90
400 5
xffff fef
100 423
14000 53
xd ab
18 48
xad a
300 6
98 45
800 2
9090 90
65 89
28 29
400 2
39 76
63 48
142 454
ff fbf
xor pd
xc aa
48 67
49 50
47 95
fb fa
845 89
49 16
20000 000
10 93
47 82
13 68
00 63
e ffb
46 45
14000 93
80 845
xffffffffffff fe
65 52
86 40
138 8
49 52
20 40
xe ea
401 10
7 439
475 8
23 74
xc ea
13 60
70 20
xccccc ccc
13 13
39 740
73 006
fd bac
14000 78
set ns
100 97
14000 24
xe ef
7200 63
1 108
2 0001
7 0002
20 18
400 1
4589 08
30 80
49 18
xc ab
244 40104
74000 87
49 73
afb c
173 7
48 56
xffffffff f
fbb b
600 4
60 83
20 68
xd db
445 89
120 1
14 47
500 1
10 99
1000 80
ff fbe
883 0000
max ps
14000 56
psr lw
ea ea
xffffffff ccccccc
48 93
46 43
100 428
7 000001
130 4
35 89
000000 5
60 60
89 40
61 74
475 0
fbb e
1400 76
28 94
49 39
000 800
219 93
rs qrtps
75 30
73 75
20 200
xde a
psr aw
Ġ jbe
xc fa
fe fb
9 424
14000 92
7 435
11 70
102 454
49 10
1000 15
xbd bdbdbd
16 77
14001 18
48 36
28 46
100 449
xe dd
8 773
18 000
39 04
66 10
11 18
475 1
be fe
49 68
30 59
48 81
1000 25
xffff fee
470 3
746 54
40 100
30 70
49 14
14000 96
14000 95
46 94
20 25
71 70
7475 656
50 70
48 47
22 22
1 102
aff fe
48 94
14000 63
800 6
1 404
477 4
xaa f
20 30
39 01
14000 98
efb d
7 406
47 96
14000 83
xea a
18 47
84 45
08 458
46 44
14000 67
300 41
4072 44
17 14
1200 20
14000 31
47 92
49 69
49 99
30 46
49 33
100 0001
800 48
49 19
75 10
173 3
49 79
69 746
49 32
47 97
13 37
16 27
9 0040
1400 73
90 66
xbe bebebe
14 43
cw d
172 3
8 489
14001 60
30 89
14000 37
480000 05
18 88
9 894
50 41
ffff ea
76 0000
17 0001
38 76
73 79
05 75
413 60
65 68
56 0000
49 09
500 3
14 77
48 51
89 000001
08 74
402 44
98 40
850 8
46 24
1400 180
18 30
d ffffff
53 0000
045 6
4010 60
xd df
xde d
48 79
48 91
30 845
14000 86
21 75
14000 62
49 62
xd cf
16 400
47 27
14001 15
fb af
00 73
13 40
aff d
474 7
fd ff
47 86
49 66
75 20
76 77
46 42
3000 6
0000 0000
30 50
10010 9
32 77
mul pd
8948 0001
20 48
38 21
47 87
41 000
76 38
14000 52
20 43
100 445
48 46
120 4
sd w
49 17
0041 00
packs sdw
26 73
16 23
76 000000
24 40
14 28
70 845
78 30
punpckh wd
0000 7
14000 76
48 37
68 51
3000 8
49 65
10 100
18 20
xc af
28 05
33 30
e feb
94 45
30 84
49 35
38 14
100 429
7 436
1400 149
f xa
fxa m
40 773
470 4
1400 119
100 425
14 58
be bd
18 08
60 46
1 405
xc ef
1000 13
49 59
14000 21
77 74
17 0000
48 71
sw b
packs swb
14001 70
102 20
49 29
21 151
475 2
200 19
63 60
47 46
40 108
28 75
77 20
10 108
49 53
10040 15
2 100
76 13
1003 15
xffffffffffff ce
04 70
75 78
68 73
14000 61
000 100
72 75
19 40
47 21
1400 109
g in
xbe gin
52 50
14000 88
14001 38
ce ff
6666 6667
80 14
48 24
17 89
push aw
75 59
49 12
48 31
49 83
bffff e
bb eff
48 43
61 75
14000 74
28 11
78 307
46 64
14000 51
850 4
49 82
15 78
10 101
65 64
1400 189
77 40
33 50
14001 73
14 41
38 39
50 48
38 01
1400 103
58 39
575 7
245 489
cmov np
7400 107
73 776
8080 8080
60 68
48 95
65 76
fdec stp
4010 54
8 758
14000 57
14001 12
18 10
padd usb
72 70
65 47
23 77
646 16572
1 137
100 301
18 58
800 20
12 69
14000 82
800 49
18 43
61 73
pcmpgt w
20 60
402 444
38 03
79 79
bb db
59 000
100 424
656 76
1000 50
psub usb
79 83
38 08
bffff fb
0043 00
ff ac
div sd
470 6
49 64
14 20
ff ea
66 31
49 15
dd fa
cfd bb
72 73
32 30
5 479
100 102
26 748
8 468
377 9
2000 73
75 24
62 75
2 137
575 3
8 488
c fffff
49 86
60 80
49 23
d fffffe
10 96
71 73
20 77
1400 116
802 484
50 58
28 15
6 183
e fbf
11 90
14001 30
80 81
20 244
ffff ed
89 07
14 30
28 30
883 48
28 90
xffffffffffff cb
18 18
13 10
49 92
760 7
76 32
300 15
49 07
48 97
14000 91
78 79
200 38
74 41
14001 90
00 35
89 06
12 37
32 74
cvtt sd
403 17
000 400
47 67
473 7
18 78
28 06
16 000002
49 89
ae fbb
38 04
71 74
477 3
14000 97
18 68
47 24
1400 179
eb ffc
1000 16
80 41
20 14
47 43
00 14
20 15
g et
14 76
00 74
7459 59
60 48
20 45
00 61
138 3
cfb a
fe bf
20 78
be fc
7500 38
xfffffe fc
300 9
470 5
1400 199
16 16
14 70
49 57
14000 27
ff de
49 88
26 76
173 97
4072 2
e r
50 68
5000000 1
7 301
c fffffd
49 55
720 2
10 94
ce ba
xffff fbe
49 11
49 06
15 77
pmax sw
14000 87
6 465
49 24
28 28
80 10
fe bc
30 40
700 41
48 86
e ffffff
75 09
7 437
13 73
i re
q u
Ġ ja
xac qu
xacqu ire
580 12
61 20
60 40
49 22
247 489
8000 2
768 2
60 845
xffffffffffff ba
63 64
2 608
70 68
49 13
69 20
0 505
49 36
489 00000
4139 54
a bab
61 68
77 89
xffffffffffff cf
af bba
49 37
ff dd
10 97
79 80
28 68
4010 58
sys enter
720 3
42 494
0045 00
fb aa
14001 50
re ad
vm read
0000 9
83 20
68 74
01 20
477 7
xeb ffff
100 448
73 77
477 2
47 84
14000 81
75 80
fs qrt
93 73
1000 90
100 433
49 31
4010 20
20 37
1400 81
17 43
13 18
xffffffffffff eb
10040 12
5 685
1001 30
16 37
mov n
88 45
72 38
900 41
94 00
96 00
75 003
movn tps
98 24
33 45
fp tan
70 80
34 75
1000 19
aff e
14 60
47 81
100 431
4010 14
0042 00
14001 76
78 800
66 000002
65 53
1004 40
14001 77
8000000 3
set no
100 108
6500 63
w r
7 4010
49 76
330 775
2000 2
7 426
70 84
set np
a ffffff
49 56
11 68
e fab
1400 158
and n
and pd
wr msr
13 58
403 27
477 0
7 100
19 94
000 200
17 16
24 77
48 84
e bec
14000 43
psl lw
26 26
38 000000
1400 106
fc ff
180 12
pmax ub
250 89
178 3
00 7300
8904 48
fe fd
47 45
448 904
bffff fc
x m
78 74
200 3
47 91
72 28
80 45
100 460
89 045
14000 54
c fffe
f inc
finc stp
100 106
c cdc
47 42
1001 20
4011 6
13 16
53 56
14001 75
bff e
78 45
0000 409
200 173
d fffff
cd ff
05 11
47 64
1400 105
63 70
1000 28
330 3
dfd bac
6 1006
punpck lq
punpcklq dq
4010 68
17 40
cb w
1400 108
cc ba
14001 13
eff d
40 102
830 3
fe df
60 50
72 20
1400 74
14001 20
29 48
in it
13 76
8 10000
dff e
473 5
1001 12
66 50
5 689
14 42
1400 148
24 45
pavg w
u se
500 974
48 57
pa use
89 004
fn init
bb cdc
ff cd
11 14
477 8
25 20
475 4
08 78
20 47
100 107
68 10
14 80
ae bc
101 90
60 20
be ff
77 400
8 1010100
a fbf
50 15
768 1
or t
23 75
xab ort
12 48
3 205
7 143
72 41
76 36
473 4
70 60
49 67
24 43
x re
lea se
xre lease
1400 87
120 8
ea aa
75 06
9 773
00 2000
83 0040
3 237
andn ps
21 73
100 105
100 435
xffffffffffff fa
15 88
in ps
7 405
1001 90
0 774
95 38
48 34
fc ef
fffe f
20 53
7 432
cff d
47 44
36 30
46 000000
4589 0845
bb ef
7 413
69 69
fe fa
18 25
4010 18
82 00
39 44
fe ec
14 37
14001 78
pm insw
ce bc
85 480000
ee bb
pmulh w
48 44
89 0040
70 8948
80 56
1400 102
pm in
ea ff
83 000002
48 41
28 20
63 72
48 148
31 20
80 88
49 85
95 10
50 118
18 41
53 20
movnt i
5 189
18 70
10040 16
1400 71
fe fc
68 57
25 76
000 87
14 17
62 72
300 42
4010 9
14 38
69 006
5010 2444
16 0001
pmin ub
100 101
12 70
82 47
50 46
5 656
78 76
35 58
69 77
ebd c
00 6500
ae bb
401 18
1400 146
10040 19
4010 6
37 75
48 87
8 808
29 84
68 04
49 51
4011 7
dbd bac
76 37
88 58
477 6
63 62
20 80
95 89
cbd bb
33 17
74 736
14001 72
1 180
53 57
76 28
1400 145
14 90
660 1
11 15
14 51
470 9
ee fc
49 81
66 65
rd msr
11 40
249 48
841 0000
33 48
bfd a
30 75
33 000001
be fd
60 49
cd bf
69 57
14000 34
1000 23
fe ba
130 7
1400 82
14 56
1 680
3 202
1000 38
63 69
w ri
wri te
49 40
vm write
8 890
22 20
16 98
3000 7
82 434
df bb
18 01
656 46
08 00
ff ed
70 78
6448 803
63 74
xffffffffffff cc
565 7
fe be
30 32
85 66
30 85
85 45
1000 59
cd fb
100 103
50 90
c nt
49 000
48 45
z cnt
17 18
afd f
480000 06
14002 39
28 244
100 439
33 53
60 84
20 28
475 3
7 417
fea c
14 84
1000 39
58 89
Ġ jl
fe nce
480 18
fe bd
1400 143
t zcnt
475 5
70 89
82 43
28 04
78 19
808 75
22 38
61 60
07 75
100 436
29 28
63 20
15 18
1400 481
16 68
6 0002
7 431
14 11
17 000002
100 479
13 90
24 000
0046 00
25 18
08 42
72 40
60 30
66 000004
4010 30
31 73
102 46
4010 50
ebd ba
1400 280
68 0040
160 2
1010 101
a fdb
12 20
78 70
26 75
5 108
11 17
fffb ffb
cd fe
300 183
ee ff
cfd f
240 489
Ġb nd
473 3
1 406
f t
38 32
1000 40
ft st
1400 107
51 30
ad fb
60 15
25 75
25 77
72 17
28 43
14000 94
50 38
b feb
35 75
50 84
38 27
473 6
89 48000000
4010 24
73 70
98 30
72 63
4012 18
55 53
1000 18
1400 142
50 88
4010 40
65 94
74 70
50 60
40 1008
2 434
76 97
19 77
17 30
m inps
10 103
475 9
11 16
83 0001
0000 13
558 8
76 20
edc fcba
Ġ jge
422 76
1001 13
49 26
cff bf
1400 185
fffe b
xaaaaaa ab
83 14
55 56
38 90
93 00
83 59
160 3
82 12
1000 29
n i
fe ni
s ec
92 00
get sec
9 0002
79 54
89 30
233 7
1 106
401 108
70 71
70 50
49 21
0 383
3 489
660 8
80 44
1001 15
18 15
475 7
033 0000
18 09
cc ff
1000 56
800 3
80 100
1400 183
1400 188
14002 19
83 12
xeb ff
473 2
30 15
75 42
68 70
5 506
fffe c
x p
77 01
1400 99
0 449
ed be
2 111
ffff ee
49 87
41 890
73 25
15 38
xffffffffffff ed
12 006
402 47
74 000003
39 40
1 107
13 12
200 2
85 38
bb ba
16 76
bff bf
65 80
47 94
10 180
12 28
1400 83
118 8
88 50
c bbd
ff bfc
11 50
473 9
11 98
477 9
20 17
39 31
6 425
100 100
a fffff
afe b
100 0002
0 148
v movdqu
fc fd
5 309
cfc b
100 438
1400 147
448 900
dfd ba
cmp sw
49 95
xff ef
18 55
cc fe
14001 14
xffff b
7500 107
bb dbbc
30 78
19 18
5 1000000
20 22
65 73
0 478
39 10
3000 4
ff ee
30 43
50 74
70 30
2 116
0000 18
o s
28 16
66 58
66 90
sca sw
d ffb
ff ab
inc os
fs incos
72 16
100 447
1400 85
38 46
6448 802
98 80
72 30
130 1
set p
b adc
4010 28
21 20
14000 84
68 30
38 31
3 603
60 90
78 830
407 00
5 454
12 30
1400 186
1000 99
2000 3
80 30
8 428
19 79
ae fa
9 100
17 60
475 6
00 34
168 8
6 169
f pa
68 08
fpa tan
70 48
18 04
39 30
efb e
14 25
f x
177 7
cf ea
77 41993
aff a
49 98
x it
se xit
sy sexit
abd bbc
14 16
10 107
00 67
128 8
49 34
06 44
58 47
1400 289
t r
49 93
xffffffffffff fc
100 480
be bc
4010 34
80 90
l fence
085 6
67 75
401 12
14 39
20 29
12 78
49 96
38 15
48 42
33 56
fe de
1400 198
1000 35
75 5959
00 65
d fba
xcccc ffff
61 76
Ġ jg
25 78
ae be
cc fc
bfd bb
10 179
720 7
20 90
ba fc
ebb d
xffffffffffff db
51 73
75 58
21 70
7400 1
750 10
68 54
4072 60
245 40104
68 77
0000 11
49 61
67 40
62 42
a fffffe
j cx
jcx z
2 424
8000400 1
74 43
78 000000
fe ef
14000 64
4010 48
14002 15
fffe e
5 450
50 505
102 45
13 17
26 17
09 74
20 58
10 109
49 44
14 79
62 44
ed bc
47 000000
51 40
69 53
1001 18
21 76
ebb f
20 76
ee bc
cff be
68 500
045 3
v pxor
80 86
15 76
280 10000
fb ad
be ec
28 76
bff d
085 3
10040 13
10040 18
708948 10
28 80
72 42
565 30
287 000
49 84
4 0002
Ġ jno
1000 22
4011 9
fldl n
40 227
9 480
10 105
14002 69
65 746
4589 01
5 119
0038 00
fb ff
3 137
xeb fc
8 408
75 006
40 305
88 20
68 15
xfd fb
Ġ js
085 1
30 88
60 45
80 50
59 58
cfc f
efc f
4293 60
474 9
xffffffff d
06 74
78 65
15 65
6 143
29 75
5 101
28 70
63 61
49 46
660 4
0044 00
19 37
38 75
473 1
1400 209
60 71
b def
fc fe
58 15
98 508
58 30
9 000001
39 02
76 17
be bf
8 101
548 92
16 30
4091 10
13 48
14 53
75 61
00 27
38 68
800 7
ffb fb
1000 32
50 59
ffff ec
12 12
76 34
700 42
58 68
12 34
7363 38
xfe ff
10040 29
11 76
16 47
2 237
3 776
89 45
101 70
49 71
fa fa
eff a
477 1
00 55
30 37
53 51
130 5
18 05
ee df
fldl g
Ġ jle
74 97
70 42
10 129
2 108
fd bc
77 03
1 105
91 73
17 20
16 33
l fs
100 104
fd fc
89 000
14 35
4070 1
ba ff
14002 29
08 503
afb a
ad ed
4010 74
10012 1
75 07
7 433
39 03
200 6
1000 58
60 28
be ef
fc cc
49 47
14 13
ffffff c
500 774
1 148
78 68
72 000000
69 75
24 41
ca ff
9 303
1000 68
04 77
99 00
80 36
14000 41
880 4
44892 41
66 76
0000 19
80 120
90 845
cd bc
14000 46
ca ca
27 60
3 535
89 50
38 70
100 452
79 53
28 03
35 30
10 156
27 40
xffffffffffff fb
12 17
6 683
12 60
39 09
40 435
100 180
12 40
54 74
Ġ jns
15 68
cd dc
1001 50
59 000000
51 10
st mxcsr
14000 40
cd bb
400 7
1004 70
1001 14
fl w
pshu flw
cb ff
160 8
ca fe
48 0004
1400 86
890 446
7 418
13 20
dff d
b aec
ae fc
76 25
19 88
404 00
565 1
5 10000
03 30
bffff d
1400 117
7 416
7 302
xfffffd dc
18 02
58 58
10040 26
100 300
18 42
push f
405 00
d fbd
20 24
37 30
55 39
dbb a
5 390
7 453
76 27
4120 24
49 42
08 30
62 74
18 11
2 303
483 0002
et pm
fs etpm
15 60
66 17
480000 2
13 78
1000 33
700 8
8 4100
20 72
80 26
1 776
50 17
69 73
9 486
31 75
5 0001
25 37
59 17
49 43
70 74
172 5
60 22
d fffffd
8 166
700 1
830 7
68 17
12 38
49 45
fb fb
6500 72
00 26
3 437
89 28
13 94
6500 7200
2 450
900 42
28 08
560 6
000 41
75 70
1400 89
50 24
xffffffffffff fd
3 536
10040 25
18 17
xffffffffffff ec
00000 93
23 12
182 454
dfc f
28 25
df ad
65 54
100 437
15 37
29 76
14000 48
14000 42
658 30
5 608
73 61
3000 5
68 20
74 77
909 00000
80000 02
cfb e
26 77
bf ae
10 468
cd df
49 91
7465 7300
f nop
3 430
13 38
1 409
118 9
bd ff
53 40
ac aa
14002 79
14 24
73 76
32 33
1003 000
68 01
03 00
760 9
fd bf
a faf
72 43
1001 10
13 98
18 38
10011 1
89 0041
dfc e
50 25
30 24
64 74
xffff fdf
29 83
fd af
401 15
27 11
ee de
14002 90
aa ff
18 76
448 908
89 90
08 79
7 450
89 0042
30 90
eb fe
9090 9090
18 14
33 37
b dec
13 70
39 28
87 00
cfb d
20 16
62 40
e ced
79 99
79 38
65 20
29 40
fffe d
760 2
lod sw
1400 90
98 2484
330 1
173 6
65 44
ce fc
72 69
bd bc
30 41
78 89
0 108
20 51
fb fe
401 40
10 102
68 80
15 17
82 49
03 40
600 1
31 76
101 77
6 165
30 38
10 151
1000 26
16 70
480000 07
118 4
5 153
20 85
08 401
00 50
6 680
10 135
2 106
200 9
74 93
xffffffff ff
28 69
22 30
bf bb
dbb f
14000 44
bfe c
7 389
76 39
12 18
00 36
l ldt
aff fb
23 30
16 40
5 201
17 97
8 111
ad ff
14002 70
4010 44
10011 7
38 44
76 74
1400 93
00 80
120 2
4389 01
3 117
af ae
72 55
7 412
20 11
ce fe
4489 4800
150 4
fc cd
0000 12
1400 101
a bdb
38 94
1000 55
8000 3
14 247
1400 300
60 47
3333 333
14002 75
18 73
202 454
ad bb
cfe c
16 20
62 46
39 000001
ee fb
19 14
500 9
d bbb
xffffffffffff da
0 102
rs m
883 00
14 52
1400 92
fc ec
79 75
1400 187
401 28
38 20
bd fe
24 48
65 63
7500 1
73 60
14000 47
57 20
15 20
5 503
cc fd
1400 94
fff ea
cbd bac
1400 305
efd c
14 85
49 97
39 18
83 18
00 4010
14003 59
7210 147
44 000
21 10000
1000 36
cc ef
61 50
ae ba
ffff eb
14002 58
200 7
10 159
49 41
bfe e
ffffff d
Ġ jo
400 9
fc ee
402 65
14002 77
75 77
68 60
14000 45
1 1000000
5 708
18 03
6900 66
sub ss
80 85
1000 93
53 565
3000 9
38 10
18 12
38 35
500 6
90 83
7 427
40 479
100 458
11 78
359 0000
65 56
130 8
1004 41
dbb d
63 40
xffffffffffff bc
6500 76
28 14
26 40
8 412
28 45
be dc
39 50
10040 14
18 06
60 85
1000 91
15 11
51 70
28 48
cd fa
60 58
285 10
8904 40
78 20
45 009
cf ae
4010 38
55 90
10 106
1400 283
76 35
bff a
12 50
85 00000
8 108
404 40
4012 7
30 60
60 17
35 39
fea f
bfc c
b adb
22 23
ac fb
60 25
1400 286
72 77
53 30
21 18
40 407
61 77
57 0000
3333 3334
de de
5 251
15 80
38 43
35 28
50 28
401 14
30 77
244 7
70 72
4000 74
20 64
fc ca
add pd
16 45
08 2444
6 163
900 48
38 17
85 10
170 9
ee dc
77 60
76 70
20 44
ae ff
50 21
1000 79
3 000001
300 44
1000 75
9 8948
77 41
70 15
1000 63
170 2
150 9
575 1
adc c
1400 137
70 75
76 000005
00 30
60 72
69 76
100 453
101 72
0 894
3 232
aa ac
74 00000
l ss
14 73
00 72
12 72
52 40
6900 74
62 41
4012 2
68 25
5555 5555
50 142444
0008 78
14 29
300 19
10000 1
77 63
ac fa
60 78
63 49
28 17
76 78
3 308
4012 5
1004 74
1000 73
d ccc
56 20
30 28
77 09
76 93
40 304
14 44
33 16
14000 49
89 89
7 306
100 482
60 16
11 12
700 43
69 78
1000 61
56 10
e dec
38 28
400 6
19 70
200 40
bb fe
7 409
50 43
86 00
11 72
69 68
1000 37
100 446
efb c
10 147
30 14
74 72
70 39
da bf
10 123
6 10063
34 40
10040 23
4475 14
bcbc bc
100 491
12 10
4012 3
15 28
ffff df
085 7
90 85
57 17
ac t
4589 48
tr act
1400 208
65 75
58 70
c fbf
00 83
36 75
76 000002
20 38
55 46
319 93
20 27
22 25
89 58
560 1
ad bc
80 18
1400 203
ac ff
fx tract
56 17
660 6
a bba
28 77
60 96
7 480
dc cd
eb ca
4010 84
74 14
39 83
14002 73
66 32
23 48
1000 69
14002 65
ff ae
75 18
58 25
xffffffffffff dd
244489 00
c bba
13 28
1400 389
10040 28
18 44
33 20
0 4244
1 773
10 122
100 450
85 59
570 7
70 25
30 25
50 44
02 49
fd fd
1400 182
bd fc
74654 701
18 53
14002 25
10 136
18 60
50 83
33 333
xffffffffffff cd
pop f
48000 5
26 72
4010 94
38 81
1000 47
27 17
101 60
70 46
75 33
1000 52
xffff fed
40 468
1001 28
10 119
16 44
100 434
26 20
bd cf
160 7
bb ac
422 770
70 14
16 90
140016 6
64 40
29 58
bc ba
8 180
56 74
190 4
04 73
14002 78
1400 298
68 28
405 14
88 44
5479 65
65 78
92 39
101 73
20 31
424 74
10 148
302 47
ff af
401 20
b fba
aa ae
4012 60
120 10
69 66
ef ad
10 155
83 00000
fc fa
31 60
890 44
39 32
101 15
90 40
18 79
16 28
pshu fb
21 30
5 417
110 9
psr ldq
xffffffffffff af
170 6
efe c
68 65
c aef
70 40
21 90
75 90
14002 63
4589 1
82 494
97 00
20 35
39 75
a cac
600 2
1000 72
300 43
a cef
61 10
18 56
1000 53
de df
29 29
88 2484
70 85
60 10
845 3
74 0002
c bac
67 17
4000 800
2 408
1000 62
cb ca
1400 91
e beb
90 86
ab aa
30 303
4010 90
4614 99
e baf
77 07
38 41
33 40
bb fc
13 11
79 78
10 142
30 17
ce ce
12 14
500 42444
4012 4
27 28
480000 0000
84 40
4012 34
33 14
109 54
100 444
1400 154
23 20
1000 92
17 90
140016 4
ad bf
de bc
101 76
26 90
Ġ jecxz
53 74
181 12
900 45
100 455
16 43
3 446
130 2
39 81
65 17
39 60
ec ff
1000 66
10 149
xffffffff b
1000 76
14002 66
10040 20
6 280
10 408
38 09
eb fd
94 75
1000 77
0 783
1400 124
38 25
1004 42
1000 95
80 68
18 07
50 16
140015 3
dd ff
4011 1
20 79
08 70
68 05
afe bbb
10011 9
ad fe
38 34
65 69
fc ed
14002 28
130 3
5685 53
2 383
12 98
0 104
8 480
71 60
24 70
16 25
68 43
53 17
74 76
81 73
6 388
ad fc
14 12
7 425
b fbe
30 76
26 7719
21 28
68 47
78 38
ce fa
172 4
2 148
16 38
51 20
afc f
68 18
79 39
xffffffffffff bb
5 308
63 28
100 139
170 4
50 78
4060 99
21 50
140016 2
19 58
52 17
afe c
00 3400
20 56
df de
70 51
22 60
ae ef
2020 2020
00 90
fe ee
25 30
172 2
16 60
980 12
68 38
59 60
10040 65
248 489
2900 6400
518 90
Ġ jnp
140015 9
100 451
760 8
100 459
68 46
76 60
be da
1000 89
59 89
500 5
8 438
bb df
402 23
103 73
330 4
58 88
150 1
68 35
bc fd
4010 70
75 50
52 25
71 76
39 36
ce fbb
92 50
f di
fdi si
02 75
09 50
5 117
8 689
77 70
23 22
eb cc
50 18
16 10
811 20
a fac
19 17
3 450
bb fb
62 17
75 28
580 4
6 148
140015 6
de ff
10 143
77 08
cc cd
22 17
ab ff
30 10
ae bf
16 73
ef ea
6448 801
050 505
57 90
a add
e bab
1400 288
25 29
10 438
720 5
1994 000
56 90
5 488
5 797
30 49
fb fc
6 430
49 000002
52 13
ba bb
fd fe
300 45
14002 72
2 117
63 17
xffffffffffff bd
26 16
1400 96
23 17
15 90
15 70
50 85
2 417
12 58
cd be
xffff a
1400 84
28 01
12 36
ae ce
aff bf
10040 66
282 454
33 35
26 25
67 20
dd ba
402 15
bb dc
dbb e
68 000001
02 494
2 464
ea cc
403 00
38 78
15 25
60 44
v p
70 90
89 0043
3 476
60 38
68 16
4013 1
35 20
03 75
75 17
77 17
28 47
84 48
02 2811
41 000002
65 48
240 48
e fef
70 58
17 80
5000 6
65 007
ef aa
cff fd
2 437
14 66
fc df
69 17
35 76
56 25
150 5
78 26
ac be
448 910
19 73
223 73
1 101
69 80
1400 202
1000 42
1000 71
140012 5
500 7
8 424
20 12
30 48
b add
15 40
cc bb
59 88
800 5
30 33
13 97
4013 6
10040 39
28 18
100 462
70 10
12 73
28 78
7 0003
40 401
79 73
dc bd
14002 23
10011 6
19 25
14 72
58 80
29 38
bc fc
413 63
60 18
402 58
xcd cd
bfb d
58 20
12 68
xff bf
21 60
66 40
5 737
1400 333
84 0000
62 20
10 158
fb ae
140013 2
75 41
aa ab
eb ad
5 303
14 23
fa ff
15 84
14001 74
fe bb
748 00
14 458
fc ceb
1010 1010
76 000
29 30
700 2
1400 205
88 89
5 152
15 79
73 17
796 16
xbfb fb
6 417
7 449
69 50
11 63
38 36
1400 206
38 60
ee ee
1000 85
4011 70
73 16
68 0041
15 30
70 17
fe eb
33 60
bc bd
10040 32
e cec
1400 390
1000 51
1 126
b fbc
12 16
084 00
20 23
ec fa
1003 72
720 6
12 741993
14003 23
900 1
1000 17
600 8
289 48
ad ae
d cdc
34 70
dc ff
1400 104
29 50
0 103
19 50
57 80
83 53
ebb e
eb aa
4092 10
8 390
43 000000
101 18
ad ac
19 60
fb ef
6 166
160 1
Ġ jp
cd fc
r r
68 75
ve rr
258 3
78 25
83 43
52 20
3 750
14 36
93 12
66 25
df ae
753 45
af ea
31 70
86 90
76 24
adc f
fea a
10 137
140012 2
50 47
14002 33
428 61
efe e
140016 9
18 81
db ff
16 48
8 401
62 77
11 13
55 80
189 4800
1 407
985 48
52 38
ad bd
30 31
ce de
d fec
82 42
30 47
77 80
87 43
23 42
57 10
73 99
68 69
178 8
dfc b
18 28
30 35
10 169
75 48
12 25
55 74
402 724
38 13
1000 78
6 469
20 34
60 41
736 33
cff bb
6 480
xffffffffffff bf
128 4
6500 74
401 134
902 484
1400 171
100 148
a bac
14 54
1400 236
26 27
cd cc
da ff
14002 16
748 7
dcc e
00 58
51 90
760 4
21 40
75 38
70 38
0000 14
10 145
fd ae
10 189
fd fb
35 17
50 12
50 39
ad ee
57 401
14 57
1 747
2 773
2 777
25 17
bb bc
a s
75 79
95 00
56 60
c dec
29 77
1003 60
5 208
19 89
80 83
1053 000
1400 111
38 47
56 39
ce df
14001 10
10040 11
10 133
1400 285
33 75
66 16
8 483
14 59
28 10
17 68
sto sq
140016 5
bb bd
6 156
38 800
101 12
65 50
76 000003
4100 64
0 143
6 117
d fcc
fb ac
03 20
140015 7
00 13
06 0001
55 20
3 417
14 83
db aa
38 02
cfd bac
a bbe
75 72
29 17
700 7
4080 4
75 22
68 48
adc b
fc cef
16 18
ac bb
xffffffffffff ef
14002 76
00 6900
1400 181
1000 98
77 05
54 40
ac bc
10 125
64 10
14003 25
1400 98
80 70
add e
de bf
100 456
20 26
38 05
50 87
15 63
00 75
16 14
bffff c
40 139
fd dc
20 88
fd be
14003 39
68 78
100 142
101 28
bffff fa
120 5
be bb
xffff fdc
74 90
51 14
7 171
4038 00
100 131
fd bd
21 78
40 302
40 307
13 72
c baf
da fa
de ad
80 15
90 89
db fb
50 42
247 6
10012 2
fe dc
10040 22
130 6
53 10
63 73
ab cc
04 45
ea eb
bc be
100 133
90 55
1003 100
3 425
6 420
78 205
16 000003
272 6
14000 10
7 458
15 58
bc ff
64 70
l gs
16 22
6 468
32 17
d fbf
09 75
ad fa
8 418
40 478
39 17
69 61
120 6
40 708
15 50
36 74
160 9
88 84
97 41993
140012 9
768 7
5 455
88 18
65 90
68 42
70 77
80 46
51 60
e bac
76 75
830 6
7143 4348
add c
100 136
78 77
a eaf
da fe
66 74
58 10
190 8
77 42
27 80
xbc bcbcbc
15 73
30 16
13 25
33 10
28 79
10 104
60 43
58 85
06 0007
845 0
2 783
14002 12
m sw
140012 6
6 412
fa fb
ab fc
29 90
7 117
89 38
13 50
58 60
19 80
05 00
39 41
72 44
2 468
15 16
1004 75
63 77
bfc f
5 415
68 59
a fcc
65 67
00 23
ba cb
p fmul
80 31
55 17
1000 21
f adc
58 46
20 42
14003 79
140015 2
100 163
ab ae
140013 3
8000400 2
1400 141
660 3
56 30
38 37
88 41
700 57
1400 309
68 14
57 30
60 86
8 184
18 35
fc bd
1400 100
1000 96
6 487
00 78
25 28
38 88
52 65
478 80
6500 64
20 13
00 39
89 84
01 14
4012 40
27 16
10040 59
15 10
49 94
bc ef
1000 31
190 1
2 488
66 28
cc de
dff a
20 19
xad ad
db ad
xf bdb
85 590000
40 499
70 45
dd fc
248 48948
100 145
c fcc
51 38
cb fc
ee ef
18 39
ca cd
4200 75
c bbe
c bef
25 80
bf ab
0 808
58 74
24 10
101 30
10040 36
140016 7
8 144
c bec
38 07
15 72
7200 6500
100 469
bb cd
55 50
02 20
1400 95
60 74
89 09
102 00
20 87
76 23
65 16
6 450
ad be
ad ef
bd ae
60 14
140023 000
100 454
as k
65 30
10 196
15 48
29 64
7 468
68 63
ba bc
69 70
21 72
4010 78
18 181
ee bf
14002 50
2 425
140019 2
600 3
140012 1
15 14
66 75
52 30
1004 77
10 126
cc bc
4589 0440
xffff fdd
xccc cccc
40 383
140012 7
75 36
bf ac
dbd ba
14 98
1001 70
480000 1
79 17
56 16
10 139
79 77
21 38
548 90
66 69
xffffffffffff be
cc ea
aaaa aaaa
3700 6600
13 59
90 58
cb fb
7 446
15 51
aff bb
b ade
560 9
19 76
cb fe
14 33
65 77
e ded
c fac
af aa
407 100
d fab
11 150
ac fc
1000 41
700 5
movnt q
cd ac
29 78
79 20
ask movq
100 481
bff be
8000 4
ad ab
1400 306
89 57
m askmovq
68 03
60 77
1 103
52 10
760 6
15 59
08 507
570 1
682 17
80 37
1400 194
6 1003000
4012 24
0 434
11 79
cb ae
fd cd
60 88
62 000005
38 77
34 77
fa cc
8949 0000
402 78
300 18
6 00000
a adc
c fab
62 70
ff aa
33 32
25 40
6 0040
53 52
5 747
dec c
20 93
1004 73
10 182
39 89
37 17
560 2
60 35
bc ec
400 41
xc bcb
58 28
17 98
08 11
33 36
10010 88
50 75
4011 94
a eac
18 13
75000 47
e fac
23 25
df aa
448 90000
3 468
16 36
101 13
be ea
bfc a
5 447
cff a
de ef
27 608
b fef
18 37
39 06
cc eb
fe db
22 18
fea b
48000 6
cf bba
9 104
da cc
bc fb
140019 3
7 890
fd ac
70 73
100 135
dbc e
00 21
de be
30 36
140019 6
32 69
300 10
40 280
fc bc
88 86
68 58
37 45
66 39
53 73
64 75
170 1
22 40
100 165
af ad
66 18
bb ec
fc de
53 39
28 09
2 763
ca fb
66 38
cc fa
56 40
20 49
68 55
bd bf
80 58
408 00
4011 30
ca cc
98 408
00000 92
7 461
2000 64
10 202
7400 2
4228 14
6 418
101 50
4035 70
408 39
2 420
c adc
72 18
14002 13
ffff dd
10 188
23 14
21 773
ad ec
38 59
ba ce
57 89
dd dd
aaaa aab
101 78
4072 1
57 60
dc fc
7500 73
aa ec
565 65
e ccc
80 60
160 4
5 280
6 104
75 46
660 7
53565 755
1400 134
ce bf
40 484
50 182444
d cdd
aa fb
afc d
3 299
de dc
89 88
33 66
6 767
30 302
cc ed
ee fe
62 65
760 5
140012 3
0 146
50 35
53 38
0 308
3 1002
19 20
7400 70
e dee
10010 84
03 74
cc ec
57 42
57 68
10040 35
2 683
00 22
c fef
708 75
aa fc
be fb
ce dc
202 45
c cdf
20 55
85 14
4100 6574
ca cb
16 39
bd cd
160 6
76 33
fe ad
59 590
5 307
be ba
6 185
77 72
27 90
52 90
101 75
add d
9 0003
a ccc
aa cc
cff bd
22 50
52 74
58 18
79 800
c bbb
1000 65
9 886
40 303
ae fe
442 444
5 141
14 92
03 301
76 31
70 53
57 16
77 39
da fc
14002 60
2 415
401 13
20 21
73 78
daa c
b caf
51 13
dc bb
407 10
e fcc
89 80
bd cc
cfc e
1400 380
1400 335
150 3
17 0003
4055 30
7 423
dd bc
7208 147
5 151
28 07
11 19
14002 38
aff fc
15 12
64 0040
ee eb
a bbb
33 77
24 73
ba fb
18 98
15 42
244 9
140013 6
5 142
20 247
28 000000
fc eb
0 758
1 158
15 99
ca bc
bf ea
1400 184
de bd
66 60
1001 60
5 773
66 68
bfc d
75 14
16 41
xffffffffffff df
10 116
1000 54
30 39
ee bd
401 100
100 1004
28 35
6 769
a bec
a baf
37 20
4011 40
100 463
be cf
bfd f
bb af
100 465
70 79
ab fb
dfd f
ee cc
429 35
658 30000
30 56
fc cb
ba cc
fa bc
1007 14
3 00000
88 10
4072 00
a bbf
bb dbb
ac ba
8 478
1400 226
d beb
890 47
ld mxcsr
8948 0002
1 770
172 9
a cec
402 00
140013 5
5 194
ee be
c aec
68 02
29 73
fb ed
67 90
560 5
07 00
7 415
73 71
22 28
73 62
17 46
ed ff
09 00
1002 25
5 416
ae fdbbc
bb ae
35 77
3 415
5 301
68 88
58 38
2000 7300
272 2
580 26
c bbf
fd fa
fe cc
01 70
3 131
2 428
e faf
ad fd
xb ffd
68 000
01 78
15 98
90 88
76 26
29 70
1000 43
97 40
5 425
36 25
83 30
83 58
27 30
63 30
be fa
10 183
33 18
dc ca
5 380
fc ac
65 60
19 72
dbd c
56 99
27 14
406 40
10 199
bda f
be de
62 90
10040 17
100 199
28 84
406 00
2 680
29 44
af bbd
19 38
7900 74
53 16
62 63
aa eb
18 51
bd be
ea ac
72 46
892 404
a bbc
18 83
10 300
fb ec
fb df
5 420
add a
40 301
fd ad
7575 7576
65 66
0 408
aa ee
74 79
39 72
180 11
6 380
f bbc
1400 308
90 248
d aee
1000 88
10 185
53 58
71 10
14 93
60 75
06 75
3 436
ad eb
0000 17
bb eb
14002 68
100 179
1400 388
ae ec
404 42
5 306
db cd
afe d
766 0008
d adc
173 4
140015 1
7300 65
d feb
77 75
ca cf
39 90
bc eb
1400 386
89 53
29 80
57 45
06 0002
7 483
ff ad
983 49
70 440
27 42
4012 6
10 132
bb ad
ba fe
55 75
405 72
e bee
10 166
480000 08
cff fc
ebc f
2525 2525
61 30
78 72
23 50
10 488
40 144
403 48
1001 38
1400 287
1001 108
de ec
53 72
ab fe
10040 30
40 482
17 11
19 90
1003 13
c bbc
20 32
36 14
dc be
dd be
140013 1
6 472
d dec
73 52
xff df
14002 00
ae bd
dcc b
b aac
80 51
xffffffffffff ee
100 466
00 107
68 85
300 12
8 137
83 0041
afe e
39 35
33 393
25 16
81 10
75 12
cd de
23 58
61 90
bfc e
29 49
900 3
d fbc
10 146
xcccccc cd
300 13
63 16
cb ad
c ded
18 16
120 7
57 75
6 750
a cab
dc bc
410 23
14001 40
8 486
bb ab
eb ae
97 28
3 480
bf ad
83 0002
98 10
cf aa
fb ab
290 8
cfb dbbc
22 70
407 12
c faf
40 489
15 13
1400 144
28 60
30 45
cd fd
56 38
36 20
12 79
fa fc
32 40
5 468
fa fcfb
77 16
ae ca
90 44
be ed
10012 3
32 75
afb d
54 70
700 3
b cac
50 92
73 90
69 48
34 48
cb cd
a fab
50 95
83 11
53 42
ec aa
1000 24
7400 4
fc ea
cd da
bfc b
58 59
19 16
e bbc
38 33
cd bd
cfd ba
bcc b
38 0000
65 6946
ec fc
de ed
28 247
50 55
64 41
bfd c
7465 4700
de fd
72 48
xffffffffffff ea
783 40
40 404
101 68
bb fd
49 439
da ce
25 90
be df
99 40
95 70
bfe d
1 142
e ceb
aa bc
ce bdbbc
3333 0001
fc bf
59 80
36 17
8 397
1400 383
63 75
bd fa
52 000000
168 9
a cdc
14 19
cc ca
000 42
138 9
6 452
50 79
ca fc
4012 1
10 153
41 4064
bd ad
260 6
aa fe
800 9
570 6
00 6400
58 170
11 94
bc de
1400 235
68 45
bb ea
80 54
7 750
100 487
140015 580
70 16
13 44
39 20
65 26
27 18
900 47
272 7
14 32
28 98
bb de
31 77
09 56
120 3
0049 00
3 10000
100 468
28 41
ae de
67 80
cfd c
e adc
33 70
eb de
c eac
14 26
56 75
51 74
71 30
10 163
1000 34
ac fd
eb da
00 15
47 890
56 13
900 8
efe d
2 107
aff fd
8 204
52 14
727 000
efd f
0008 66
30 87
50 13
5 680
590 1
89 56
21 68
80000 03
38 001
29 20
140016 1
23 66
ce ec
add f
77 02
38 61
9 903
39 37
32 20
cb cc
40 283
10 141
23 73
401 184
c bce
00 60
16 12
405 44
100 169
3 280
08 308
2 103
13 93
045 7
246 48
800700 7
100 166
38 48
10 195
0 158
c ade
14 31
1000 83
44 000001
68 76
dc fd
d fbe
68 84
16 50
03 42
100 132
83 000003
fb cc
407 45
40 137
18 85
8 389
13 43
71 75
62802 41
e eac
dba f
77 79
90 68
23 44
5 116
73 50
90 20
be cc
085 0001
c cac
100 143
66 70
59 10
26 30
72 000002
ec bc
baa f
10 773
19 28
ed fb
45 0000
bea f
8 708
100 149
18 52
85 000001
53 60
57 43
3 736
40 427
1400 303
2 478
ae fd
78 10
76 16
xeb ffffff
8 894
d bab
2 308
9 721
04 75
9 286
78 75
ce ee
80 89
a ceb
b cdc
afd c
ad aa
bb bf
27 38
bda b
5 143
5 139
19 24
ebc e
7 447
9 390
39 59
25 60
b deb
16 32
ba ea
26 28
5 156
14 49
bc ed
bf de
7 421
31 38
14 63
ae cc
58 72
76 29
0 202
88 68
af de
1003 53
aff be
6 772
a eae
b aee
e deb
1400 97
55 60
bb fa
138 4
6800 74
ba be
db da
10012 5
38 45
b cda
18 69
23 49
70 44
15 36
80 248
5 418
d fee
ea fe
23 10
v pshufd
eb ea
35 80
845 8948
aa ca
77 90
c bee
100 146
d cec
14 22
17 48
ee ec
dd dc
270 4
bda c
6 286
50 98
23 70
402 46
adc e
ea fc
ea bc
33 57
c bcb
bd fd
140019 5
33 58
08 508
67 60
403 24
efc e
29 60
ce cf
50 77
46 0000
cd af
54892 404
30 2444
402 43
429 31
560 3
570 3
4043 64
2 406
6 116
bb ed
ac bf
10040 10
14003 19
33393 136
68 72
08 73
39 77
78 28
cd dd
ce be
bb aa
69 44
407 30
12 67
32 76
1012 006
ba bf
1000 44
0 141
5 495
75 53
52 41
c dea
26 70
4039 9
cbd d
1400 232
ca bb
55 23
40 285
000 47
bd db
140015 5
10 131
18 59
28 53
fc bb
ca ea
be eb
55 54
e bef
ce cd
51 72
52 16
52 58
10040 37
xff ec
330 474
6 490
d fef
22 10
401 38
d cac
18 72
ae eb
1 763
f aec
12 47
62 60
afe fbb
5 890
ffff be
adc d
75 60
18 247
24 42
570 4
53 54
2 188
de ac
1400 227
10012 7
4072 3
8 402
cc be
600 5
e cac
70 41
a bbd
19 48
100 153
2 430
3 148
ffff dc
68 94
fd aa
26 50
add b
db de
558 801
803 46
13 36
5 407
2 456
77 45
33 44
90 14
83 38
dd fb
10040 38
2 380
63 76
31 14
cf ad
0 208
c bcf
50 73
33 38
cd ce
ba ad
20 36
bd dc
77 97
33 28
63 38
ae dc
dfd c
d aec
1000 45
06 000
242 444
19 10
bc bf
28 24
101 38
700 44
e bed
fc dc
40 387
1400 302
cd ae
32 50
845 2
f aac
65 14
78 39
63 53
55 40
d cef
bb bbb
66 77
818 18181
5 202
d ced
402 75
00000 91
100 159
c dee
10 184
78 81
29 10
de ee
bc fe
64 73
40 388
adc a
aad f
de fe
408 45
aa cd
63 50
63 58
xffff fdb
2 180
fb fd
ffff de
0000 15
66 14
69 54
128 1
5 188
be dd
ce da
67 68
xffffffffffff ac
30 18
39 14
67 16
dbc f
26 78
14002 18
298 4203
5 460
6 415
900 46
883 66
50 45
142 45
a cdd
14 99
75 29
15 85
62 25
3145 0000
ad ea
ad ba
ca ba
4156 90
403 69
bea b
5 758
85 600
5 592
b eac
90 60
afc b
26 14
81 14
204 0000
10 193
35 50
2 102
a bdc
190 6
efc a
ea ec
75 62
59 40
56 58
23 28
23 16
ba fd
32 25
15 29
3 136
01 73
0 476
2 637
6 770
fa be
dc de
483 0003
5 774
10012 58
2 418
dec b
xff ee
19 13
fa ce
fe dd
270 9
6 485
720 9
353 53
dec e
41 732
72 57
56 18
08 68
548 5
ebf a
12 11
72 13
72 29
b ccc
00 18
75 1993
76 48
a caf
172 6
da bc
53 28
10 186
405 435
10 165
de db
61 40
16 94
cfe e
26 38
23 40
5 102
14 34
10 209
70 61
25 50
5 111
54 75
3205 49
14 64
68 09
59 20
22 90
ce cc
00 11
xa fbf
69 30
1000 27
4010 64
fde f
9 907
5353 5353
afb e
64 77
6800 67
5 490
74 42
12 46
ca bf
78 27
085 4
cd ba
2 280
8 680
a es
00 62
100 457
ae dd
27 000
xffffffffffff dc
401 144
32 90
71 20
900 2
e daa
39 78
Ġsto sq
c aeb
ae db
ab ad
h w
53 59
53 55
pshuf hw
ffff da
70 87
25 10
dfc a
70 47
bb da
60 24
12 44
ae da
ce ef
cf de
403 74
402 72
4010 98
14 87
73 68
bb ee
1400 399
fa ea
ba ca
efc d
0 460
30 13
120 9
bb cc
38 42
56 29
bf af
be ce
10040 33
120 60
590 4
842 484
70 69
53 48
55 16
82 454
1400 396
70 35
88 85
19 68
db fe
100 189
89 11
72 25
54 48
76 22
39 05
cc bd
1001 40
a cdf
15 44
fb cf
108 80845
d ceb
15 22
6 006
56 000001
64 43
ed cd
9 888
74 45
90 10
66 78
29 69
56 14
64 45
206 0000
5 428
5 103
53 43
101 10
be ad
75 37
30 34
58 35
1000 97
880 855
79 65
51 77
5 459
ef de
1 753
100 192
53 75
38 740
72 68
19 55
12 93
bb cf
efc b
fd cc
bd ce
4025 6
7000 5
100 461
aa bb
290 1
3 403
100 478
dd de
60 11
12 13
942 484
6 000001
d bef
dec f
90 81
bffff b
c bfa
72 39
34 43
98 008
db ae
58 77
ed fe
5 180
c bdc
1400 281
bd fb
276 28
de fc
40 455
12 24
19 30
25 70
79 16
01 40
3 766
c def
1400 282
53 70
cb da
aad a
15 83
04 0001
100 186
402 45
18 21
23 38
140019 7
ff fbd
91 90
5 509
100 724
ae df
39 70
7900 53
14 27
76 61
17 000003
13 47
25 38
31 90
cb fd
18 71
53 77
57 28
dd bd
160 5
47880 146
ac ca
373 7
aa ad
xff ea
59 38
cff fb
3 458
16 15
79 90
dd cc
dfa ca
1000 74
be db
17397 42
d cdb
16 29
66 37
402 48
7 480000
a cdb
73 30
76 90
55 58
84 10
ed fd
4011 68
3 485
ac fe
1400 00
33 46
ed fc
14003 75
aa cb
ae ad
23 60
73 64
66 98
25 48
55 30
10040 50
72 404
65 79
10010 80
xbfbfb fbf
38 06
26 60
dd fe
415 186
6 435
29 59
bc cd
ed bd
14 3974
13 19
be cd
57 18
6 483
300 14
10011 20
8908 48
fc be
4025 4
df ea
6 486
83 46
69 60
55 000000
10 121
68 06
13 96
78 46
55 70
5 453
16 63
fe ea
66 63
dd ce
100 1000
28 58
37 40
daa a
xffffffffffff de
600 7
6 162
27 48
cfe d
89 05
ca be
23 41
150 7
8 141
16 58
55 33
27 439
75 43
71 77
150 2
402 20
5 779
28 73
15 86
88 83
575 5
b cdb
65 58
88 33
2 733
c aee
61 38
14002 30
3 428
14 95
bb be
2 109
6 404
4090 5
28 38
dec d
405 43
5 480
78 85
db fd
dfc d
14 86
13 34
478 80346
c adb
aa ba
acc e
ad af
68 44
53 25
69 16
xffff fda
40 405
20 66
37 60
iret q
9 488
00 17
7400 31
5 403
cc ce
00 33
0000 40
fb ee
62 68
ed cc
ea ab
28 56
38 0001
ae cd
908 46
d fed
75 73
60 29
ba cf
0 302
5 148
bd df
2 750
7 280
c bab
80 16
55 48
5 157
79 70
bd da
52 70
62 48
dd db
ea bf
ea ee
ac ad
78 60
dc ba
ec de
18 22
78 24
67 41
6 389
c bed
ff fba
73 40
76 43
75 25
15 24
12 35
32 70
7 422
b adf
14 81
18 24
38 82
ae cb
900 5
2 105
30 51
38 85
78 88
ebd f
40 434
aa ef
300 46
7000 6
80000 0000
68 99
33 73
63 42
500 845
e cab
40 681
93 43
746 96
59 74
bea a
bc bb
dbc b
50 91
fe cf
4589 14
28 89
50 94
80 25
5 770
6 386
97 10
10040 27
ae ee
afc a
bfd d
39 58
1 127
d fac
40 651
eb fb
900 43
4550 38
1 757
5 109
39 07
565 2
3 102
41 656
15 55
19 84
63 18
190 7
aad b
cbd f
3800 3000
00 29
65 29
14002 74
a bfa
100 155
be cb
10011 18
4090 14
140019 1
fa fe
edc f
8 415
ca ce
56 73
ba bd
10 198
68 006
33 31
62 16
a cee
80 48
78 35
77 88
83 50
de bb
0 151
5 104
6 383
41 004
da ea
62 30
85 80
51 12
74000 47
19 39
be ee
82 45
455 89
10 124
69 11
8 420
d cda
100 158
100 195
15 23
83 0042
cc ae
63 14
54 41
403 44
200 41
ee cd
efd a
397 403
a ced
69 004
79 34
2 794
5 106
28 64
79 50
bc ae
5 465
p er
40 402
52 78
4056 7
aa fa
3 116
6 659
d dea
cc cf
8000 8
dbd f
76 96
ebc b
50 93
14002 20
fa cd
ee ba
1 136
37 38
35 40
405 11
409 00
ffff db
70 65
69 40
fed fe
1 750
100 124
16 26
dc bf
140029 7
6 446
de da
dc fe
60 475
36 38
30 79
28 85
xff cc
aa bf
1400 222
ac ae
18 92
88 306
5 446
c aaf
74 105
13 57
cd cb
29 14
00 147
100 193
75 49
cfc a
3 434
6 390
74 000004
78 84
cd db
59 0001
99 80
aa fd
58 16
18 84
68 96
17 45
1002 00
3333 3333
18 82
1400 237
10012 6
de ae
72 14
8904 43
dec a
aa be
79 28
32 10
140029 2
40 204
75 84
18 34
d faf
aa af
90 70
65 62
66 12
bffff a
77 10
89 42
3 234
5 736
68 62
bd dd
22 58
8 411
xb fff
ab da
v z
35 10
ef ae
8 125
42 000000
si dt
14 82
50 76
fa bf
14003 16
ebd d
827 607
83 42
000 10
75 15
68 32
65 96
ce eb
2 480
d ade
28 548
50 86
33 72
100 185
38 16
90 30
402 77
14003 72
10010 14
177 2
ae ea
ac de
178 4
baa e
40 390
58 43
5 408
bb ce
53 78
403 22
10010 64
290 4
27 12
70000 000
d bfa
aa cf
fe cb
67 30
b ded
abc e
73 14
65 98
51 28
045 2
4047 68
100 162
1 143
6 428
48 306
fd df
59 48
31 28
170 5
ce bd
31 50
2 234
fc aa
26 10
10010 68
efe ba
xd bff
68 41
66 62
51 10244
8 498
40 403
10 117
ea fb
7 452
29 79
150 6
190 9
30 244
da fb
53 18
560 7
p per
ou pper
69 28
103 5014
er oupper
vz eroupper
aa ea
cd ca
ee fa
73 10
cc bf
69 64
ec bb
52 60
08 60
20 71
68 22
dd fd
10011 78
8 404
40 682
12 23
b aeb
b dee
aa ce
18 36
ca fa
da cf
b cdf
de fa
40 180
77 30
53 63
37 80
ffe ff
575 2
afd a
10 167
89 43
ec be
d cdf
cd ad
60 42
33 41
cb ea
401 284
10040 95
140029 4
17 93
fb ea
55 29
57 44
fa cf
abc b
13 56
ce fd
300 38
50 81
4070 4
12 92
1000 46
64 14
5 0004
1400 480
ab fd
18 23
56565 656
0 10010
3 794
bb ca
65 40
54 73
52 43
aad e
68 24
bc fa
daa e
d aef
77 04
cd aa
59 75
5 458
5 305
5 388
ea ae
66 99
36 130
20 52
ac ea
cfc d
9 428
e cdd
1400 207
10012 9
fde e
52 28
10008 1
5 7400
e cdc
76 47
55 25
401 148
xfffd fc
18 32
65 10
95 25
7400 147
10 187
50 26
68 83
5 163
a ccf
50 49
da cd
100 137
fe ca
ab de
14003 78
515 00
19 36
69 90
403 78
e caf
53 45
100 183
ce dd
402 70
c aae
80 82
33 76
10000 2
afd d
6 416
b ada
c aed
15 39
083 48
40 456
100 472
70 88
80 28
fe ed
b cdd
14 94
178 7
fea e
75 85
16 53
cb aa
8 380
23 27
ee ed
102 407
bea e
6 773
400 38
abc f
6 180
14 67
ea cf
04 408
xaa aa
59 30
69 63
31 72
cb de
25 73
97 43
140025 6
40 202
75 66
19 83
55 77
489 62
5 430
28 37
ce bbb
2 198
4010 88
ec fb
5 808
6 783
14003 74
ffb fe
bb dd
bd de
3 680
68 98
39 29
ce ed
e ddb
12 99
223 43
5 158
15 0000
dc ae
118 3
4012 64
14 62
77 73
54 45
xcc ffff
16 95
77 83
15 19
69 56
55 73
220 8
15 47
11 64
da be
32 38
300 47
7 163
c eaf
69 62
5 405
d def
89 000002
65 37
2 492
3 201
75 88
fc ae
22 68
35 38
ab ea
000000 1
420 145
1 124
53 46
19 59
63 66
ba fa
fde d
c cda
xff cf
63 39
bc ea
54 43
423 66
2 390
c deb
28 33
402 73
7 104
14 21
18 86
ffffff b
98 75
401 60
750 20
10036 00
78 43
72 90
37 90
10040 24
300 20
600 9
3 537
xffffffff ec
91 30
d aed
5 396
19 44
cc ee
a bdf
c caf
100 209
28 88
448 901
247 9
658 8
10040 40
ec fe
ae ed
71 90
4011 78
fffd f
4308 28
16 67
da fd
31 40
30 12
56 23
ac cd
401 154
4060 7
8 405
18 801
15 52
57 41
7 434
79 40
100 188
78 58
ec ae
3 490
40 656
16 11
66 33
00 12
dd df
6 408
e ada
41 262
fd de
76 72
14003 12
0008 79
3 101
a beb
bf aa
276 38
58 45
58 12
56 70
dbd d
8 158
42 0001
35 90
1000 94
13 26
bcc e
5 256
c aac
e ccb
f aef
89 19
81 72
b dea
st x
bnd stx
40 406
6448 805
8000 6
377 7
7 10000
e cee
00 88
58 48
76 63
51 75
272 3
50 29
72 32
fa ba
300 26
748 5
d ada
13 29
80 55
65 28
bd ca
a fffffd
e cdf
83 590000
52 11
ed de
74 98
da ca
100 156
70 55
19 64
daa f
c beb
c ada
73 29
17 44
403 198
290 2
15 41
63 22
ce db
ed da
173 974
6 453
7 304
10 194
30 42
be ca
de af
12 43
6 460
00 53
85 40
ea ba
fc af
fc dd
57 38
250 1
4071 30
3 405
a bee
41 005
17 42
751 13
ea ef
68 13
79 58
55 59
bc ee
3 104
9 000002
ea ce
1001 158
0 906
3 402
3 158
aa ed
60 76
12 53
26 18
acc b
10 208
bc ad
220 1
28 42
15 66
4013 2
100 476
fb cd
dc ea
33 78
79 10
22 48
250 4
a bef
54 10
403 472
7274 7441
18 57
59 25
157 41993
00 68
20 57
15 57
80 38
37 89
10 192
1003 73
416 60
xbbb bbbbb
3 383
80 13
72 37
29 000000
14002 11
3 418
ea be
f aaf
40 446
4012 00
fb cb
168 4
19 11
fb de
99 98
9 782
68 89
58 75
190 3
0 606
a eab
100 198
12 39
80 98
bc ca
xffffffffffff ad
baa b
33 39
15 53
23 43
63 10
3 108
10 203
0 411
100 485
52 75
308 41
d aeb
65 97
57 000001
ec fd
32 60
00 81
409 11
afc e
fde a
d bed
30 83
fc db
29 16
ec ba
10 162
70 83
3 770
de eb
20 33
52 42
62 73
1000 49
39 99
900 49
4013 3
6 405
85 60
53 76
5 401
79 59
418 19
de ba
40 464
60 51
402 38
d cee
65 38
fb ce
4090 1
a bed
13 24
ac bd
91 70
ea fd
20 61
65 35
ed bb
300 48
10010 98
2 288
7 308
68 81
13 35
72 47
72 64
250 9
7 909
d dee
18 26
13 21
72 33
72 36
14003 73
4357 12
aa ffc
cd cf
90000 000
28 34
15 81
101 14
248 5
fe ce
1000 67
6 437
de fb
38 26
272 1
3 508
ea bb
90 87
69 59
bc aa
330 574
77 47
52 18
4059 6
7 808
7 303
38 64
72 78
51 18
40 162
19 98
32 16
580 6
xfffffe ec
19 15
22 16
405 20
800 70
68 91
83 28
dc fa
76 73
79 30
ec ca
12 29
407 18
40 604
fd ce
580 1
2 737
3 709
7 460
7400 42
c cdb
44 109
15 56
ae cf
4070 84
ec ad
86 30
4039 5
fd dd
39 000002
23 11
2 788
5 783
33 62
fb dc
000 43
300 36
b aef
retf q
64 007
0 903
6 449
40 454
70 63
15 94
fe da
22 24
fa bb
404 43
57 12
b ccf
18 99
68 19
58 83
e ddf
20 98
76 65
3 797
71 78
403 30
6 285
13 63
3 204
d adb
88 15
10010 18
2303 468
29 25
8 8948
9 455
100 685
75 16
32 78
64 0000
330 6
2 453
30 81
56 77
dd cd
db ea
40 142
12 96
403 73
e ccf
48 890448
53 26
409 90
10010 20
3 435
c aaa
e dac
bd cb
d adf
50 82
13 69
845 5
6 774
d dac
50 37
12 49
e cdb
75 51
60 79
23 18
daa b
4070 3
6 438
62 10
7 184
eb cd
190 2
40 134
1400 336
55 10
ee db
900 44
5 253
c eae
40 201
1000 84
c fffffc
ec bf
ed fa
480000 09
1 125
3 534
cd ab
66 34
ab ca
402 39
14002 40
b cab
405 46
300 16
100 488
57 46
1400 393
66 42
1001 73
4011 14
5 129
ea cd
75 98
1400 0002
429 57
d daf
ed bf
ed dc
cfd a
6 433
100 400
19 34
69 10
69 18
69 7274
88 38
62 50
xffffffffffff aa
d caf
1400 688
85 20
407 38
55 28
35 33
1400 267
15 54
fb eb
56 28
6 109
40 481
12 19
11 91
10010 50
subp d
16 97
65 59
79 60
27 68
2 401
fd cf
xffff fbd
da ba
40 483
40 151
10 144
25 24
700 9
100 1008
77 18
de ab
58 14
23 76
408 58
2 158
51 68
52 73
d cab
de ea
50 99
70 76
60 61
f aed
40 452
39 16
26 48
71 18
558 1
4022 50
a eaa
aa bd
53 000001
57 48
220 5
33 43
56 12
50 34
23 29
92 90
66 36
ee cf
4589 02
1400 204
38 93
565 5
85 68
59 39
ba ffff
300 33
5 299
6 464
8 382
100 196
67 10
e cef
50 36
19 21
15 49
11 65
83 63
cc ad
xfffffd fc
3 401
40 657
100 152
fa cb
db ca
1013 000
30 99
76 12
2 460
6 495
15 82
dfd d
e dea
30 22
dfd a
7 309
68 12
413 16
427 60
330 7
25 000000
97 89
260 801
2 416
6 489
v mulsd
ee dd
06 11
300 29
114 1
35 60
830000 04
38 96
bb cb
407 11
edc ffb
2 432
7 804
40 408
16 46
81 70
10010 94
2 1000000
77 427
19 29
34 41
52 48
2 402
14 69
97 42
0 689
10 205
72 99
fa ad
6570 7954
d deb
100 203
408 60
4012 98
53 79
5 908
40 186
77 22
15 46
12 95
ed ca
4090 2
0 303
1 134
90 75
23 78
2 458
5 336
70 100
ce ad
475 89
8000 5
2 772
10 127
ca ad
403 47
407 20
cfd d
0 721
8 425
38 11
19 99
66 44
31 18
405 56
2 435
3 447
c cdd
70 22
31 68
61 78
20 84
50 22
58 11
83 60
34 45
03 145
118 7
90 15
xea ea
2 301
8 737
fa fd
4090 4
3 203
5 688
6 409
l dx
54 77
dd bf
bnd ldx
b aed
66 11
6 909
00 16
78 48
xff bb
dc fb
407 15
10040 21
40 148
da cb
5 383
6 186
100 490
ca fd
4070 6
10 111
100 191
59 90
27 89
52 24
101 40
38 58
29 26
570 5
c add
f adb
18 96
23 68
91 78
4832 90
20 54
64 0041
500 82444
6 303
16 72
ee ea
407 13
100 171
55 76
08 76
3 420
5 502
7 424
c adf
f aae
10 157
45 000001
28 52
66 48
4059 4
5 409
7 116
20 89
13 99
407 43
045 9
40 458
3 397
5 778
10 418
22 44
404 73
140025 5
13 41
ba cd
08 77
1001 72
3 380
ea ca
12 32
58 890
ee ce
efd d
0 304
bff bd
250 2
3 456
26 172
4070 7
560 4
3 636
a cda
38 72
83 68
edc b
8240 489
5 205
12 54
33 0042
66 19
130 9
746 17
d add
ee da
76 14
85 44
52 68
613 36130
3 163
6 108
66 15
xffff fec
5 505
16 35
cc cb
56 15
23 24
402 33
79 89
psl ldq
5 397
20 86
38 51
69 65
79 48
143974 10
e def
10 152
1400 221
73 94
dd bb
5 508
d bee
10 171
ea fa
18 62
12 94
100 144
63 41
52 77
17 387
408 50
07 11
100 161
75 32
1000 64
405 68
f aeb
50 33
50 32
74 000005
19 81
25 58
fde b
29 18
dc ad
401 76
17 94
0040 11
6 432
1400 284
ed ae
18 63
12 64
f adf
00 25
40 306
13 53
fc ab
58 24
69 89
xffffffffffff ae
2 136
6 752
13 54
16 78
29 67
movs q
118 1
10008 2
10 161
ed ba
20 81
20 94
73 49
68 82
65 34
220 4
38 53
16 56
1001 77
4038 1
258 8
2 000001
40 425
41 006
85 30
51 76
4090 3
7 006
20 59
12 42
35 78
40 465
68 79
33 47
33 0049
7274 0001
2 798
55 0000
410 12
20 660
18 93
28 36
6 797
7 148
10011 14
3 399
5 105
40 508
e ade
30 72
30 98
68 66
16 24
65 99
443 24
10010 78
2 436
5 772
60 23
408 24
e cda
50 72
fd da
68 93
36 40
4012 30
9 483
f aee
38 000002
5 472
fd db
15 95
10010 74
498 390
7 466
7 380
40 409
120 17
7777 78
2 391
3 460
70 24
34 10
14002 17
e adb
de dd
20 69
70 11
58 56
39 93
51 14244
1 758
25 12
55 38
bd aa
52 23
10040 93
f ade
fe cd
25 22
689 10
40 157
100 202
100 187
59 50
08 501
402 13
1400 301
15 64
54 14
80000 1
100 182
xff eb
403 46
44892 42
6 103
e eae
00 19
538 90
5 394
6 451
59 72
67 38
403 40
13 79
401 68
cc aa
000 44
5 404
93 66
100 489
50 69
68 86
58 79
56 22
1001 75
700 76
575 653
3 424
6 508
68 0042
11 61
59 70
67 42
dd ae
4070 2
570 2
140029 3
40 410
40 203
15 34
14003 30
6 397
e fffe
18 49
66 49
36 76
218 6
140025 3
1819 58
40 763
16 57
xff be
fb ca
22 78
1400 234
1400 231
15 69
29 37
34 14
405 26
38 830
13 55
1400 262
44 401
88 60
40 490
100 467
53 47
403 20
2 134
405 50
5 435
62 58
6 458
1400 201
72 79
76 69
300 17
558 4
660 5
40 504
18 458
afd bb
2 770
9 508
0000 26
15 33
29 89
56 65
ddc b
242 44
1 778
6 904
140029 1
50 65
45 000
18 65
26 41
71 40
xffffffffffff ab
083 10
358 8
5 749
80 77
90 50
402 40
140025 7
4055 2
4000000 1
6 146
28 59
68 33
dd ad
14003 69
850 3
6 284
70 13
39 69
408 44
10010 70
b aaa
60 39
36 90
32 79
600 41
14 97
20 82
1400 307
30 53
25 72
4046 50
5 499
de aa
409 42
c eaa
4060 9
abd d
100 141
38 98
15 32
71 28
3 404
66 46
3 236
60 59
25 89
ee ad
2 490
da ad
ce ea
14002 10
6 426
38 12
440 12
140029 6
2 302
e add
15 21
3 438
5 302
e adf
dc aa
00 54
63 13
81 30
168 3
e cce
28 99
39 53
29 68
ce cb
81 20
140029 9
2500 2000
60 99
72 22
73 55
76 18
xff fef
66 0001
120 10120
4838 2444
7 456
1000 48
5 203
100 147
ee fd
401 50
29 65
35 70
40 419
40 801
60 37
fc ad
83 25
14003 17
3 604
14 91
100 486
75 57
2 184
6 184
f aaa
40 163
41 698
63 79
14002 24
60 82
402 454
70 86
89 0044
36 77
14003 58
1 749
5 145
565 310
6 188
75 13
66 23
6 237
c aab
100 151
90 78
35 13
408 11
7589 59
2 388
5 333
10 301
70 98
25 14
220 3
f ada
15 62
da bd
7 0004
50 71
15 35
33 49
67 18
fb dd
66 72
88 78
658 1
10008 7
40 487
20 99
28 54
da bb
75 002
69 25
405 39
2 101
75 68
77 27
60 98
29 45
91 40
28 51
73 19
5 252
38 24
23 000000
118 5
575 4
6 1004
75 44
73 39
23 21
750 13
63 67
31 10
30 29
68 36
ce ca
405 17
fff bb
3 105
40 413
60 81
fa bd
128 9
100 289
38 49
14003 56
108 45
10000 3
100 184
85 006
403 41
406 10
73 97
53 69
92 492
05 70
15 43
72 35
72 444
88 48
18 66
12 22
470 174
8000000 4
10 197
73 48
68 306
19 96
14002 14
6 105
63 25
fa ca
xfe fe
40 271
28 81
89 46
76 50
fb da
53 14
78 12
19 49
39 25
79 21
403 66
7 488
40 380
75 97
60 12
3 449
3 390
6 488
fd cb
80 22
80 8000
27 41
32 43
dd ca
900 7
233 4
2 405
e ddd
40 462
41 000003
1400 387
68 07
60 26
xcccc fffe
13 46
2 688
38 87
73 47
401 104
0 404
58 76
085 10
16 34
53 15
62 79
xff ce
7 180
68 39
ed ad
39740 31
3 180
60 87
27 13
403 15
408 40
1001 74
233 1
140029 5
18 87
68 95
29 85
cc ffff
23 72
xffff feb
5 449
70 56
22 14
39 98
1400 385
38 55
15 67
11 93
260 3
18 802
16 19
65 19
300 49
250 6
5 288
2 438
70 43
xff ed
ec bd
4689 1
401 72
128 3
128 7
9 393
bb dbac
407 19
0 189
3 143
5 491
6 144
30 86
404 14
1 767
5 452
15 96
51 78
69 83
138 6
28 19
29 46
890 450
2 333
62 33
32 18
13 52
80 400
55 79
61 12
7 107
c cab
40 480
38 73
63 480000
ed ce
403 26
ddc f
4037 40
0 405
ea af
41 002
28 12
60 64
58 19
29 88
56 43
000 11
57 14
4013 5
1 123
89 36
403 63
558 3
3 209
v paddd
13 22
53 68
26 46
5 149
7 457
e daf
3 478
39 55
9 489
15 97
260 2
38 56
90 82
59 78
458 80
xffff fea
48 0008
fd ab
76 66
11 66
72 58
59 28
e eaf
40 450
63 47
ab cd
90 39
417 43
38 19
10011 28
2 483
3 206
7 283
7 902
100 288
20 400
18 64
44 448
89 60
ca bd
36 26
417 38
6 778
6 161
6 777
42 000
14003 77
80 47
4080 5
3 282
12 26
89 24
23 63
403 50
403 79
190 5
8 1000
8 280
89 34
22 64
101 74
40 308
1400 304
13 42
4090 8
40 463
60 27
39 92
63 44
1 147
7 105
72 12
66 79
138 7
5 204
40 232
80 35
76 53
580 3
36 10
100 206
65 12
59 16
32 28
1003 21
10010 24
3 783
1400 271
fc da
80 96
4500 2000
1 762
40 412
70 18
56 78
4013 70
48000 7
66 64
69 84
6 447
40 149
20 95
18 95
88 0000
8080 8081
0 468
ec ea
409 000
4060 1
889 0845
100 226
73 46
66 47
32 48
13 62
17 41
22 33
403 000
4049 70
6 208
6 766
9 101
ea bd
89 37
13 45
40 289
xfffffc fc
8 484
26 15
82 4448
172 1
636 412
40 336
100 259
43 890
80 53
3 416
40 432
40 141
76 67
65 39
401 204
500 88
58 78
dd da
403 13
87 42
4012 9
260 5
5 387
44 009
59 18
37 16
6 459
100 371
50 54
38 69
68 67
39 6602
66 73
9 904
00 24
52 39
71 50
81 90
3 389
40 415
20 39
56 72
69 79
43 000
30 21
28 86
138 5
10010 90
575 00
7379 5300
ea cb
1400 382
68 11
37 10
408 15
10040 42
20 62
30 73
38 247
04 0002
233 6
880 2
15 87
dc fec
403 14
4070 9
675 01
3 432
5 125
59 77
84 75
114 9
6 406
c eab
18 67
11 99
66 41
53 19
35 48
7503 1078
40 389
85 28
29 39
57 19
10010 60
7300 6900
5 483
6 656
8 147
e eaa
14 71
38 79
65 6700
66 13
29 41
4012 70
140025 1
4047 90
2 409
2 236
30 82
53 24
lt r
575 60
4030 94
4357 17
40 476
20 91
72 60
56 48
69 58
27 45
4060 2
23 13
427 20
830 9
xfffffe ff
66 43
52 44
62 78
14002 43
114 6
75 45
56 93
eff bf
5 769
6 478
10 890
68 64
66 000
406 26
250 3
fffb ffd
0 107
68 27
66 22
83 4800
128 5
100 167
89 085
53 65
90 65
403 43
3 188
3 408
88 63
18 61
72 23
27 44
32 14
6 394
10 478
fc fbb
16 21
69 39
26 23
3 139
7 289
40 449
ea ad
43 0000
35 14
128 2
5 429
ea ed
16 92
08 49
14003 55
4072 4
36 73
62 13
f aab
40 209
77 48
28 55
69 38
22 63
5 304
9 653
74 92
66 95
xaaaaaa aaaaaaaa
2 394
5 438
10 154
80 75
03 48
56 36
37 14
37 43
00000 90
4011 60
40 588
30 63
29 98
7 305
16 000004
405 008
4039 4
8 189
18 54
68 92
19 41
53 44
cd fdbbc
700 38
25 34
409 23
13 64
66 97
79 61
98 15
ee cb
87 48
4072 5
4014 60
11 92
35 79
406 60
489 48000000
3 488
300 39
00 3000
403 420
042 444
30 52
76 21
044 68
6 653
9 006
00 94
15 26
14002 46
500 493
40 282
67 48
2 305
8 151
39 88
56 33
55 14
402 60
14003 22
4059 74
10 206
75 69
27 46
660 9
4013 00
856 0000
42 497
75 83
4021 70
77 85
77 99
60 53
4011 50
388 100
60 62
15 93
403 72
5020 2444
5 799
6 733
e dab
113 73
6 763
14 65
76 45
79 62
88 248
200 44
700 46
883 5
49 656
23 47
95 80
e fffff
40 411
39 47
66 26
14002 48
efb dbbc
741 79
4 000001
70 81
68 29
401 764
5 406
50 27
50 62
58 41
02 16
65 22
40 505
40 501
17 92
66 61
97 90
14002 47
6 336
75 26
35 25
401 70
10040 92
movl hps
6 765
76 79
dd aa
4096 20
6 908
75 19
39 34
33 25
67 28
71 38
95 50
200 14
40 507
18 91
66 93
14002 49
140025 9
5 762
40 158
0 609
3 637
60 65
12 27
402 50
6800 73
10 460
50 19
12 45
36 23
32 73
4072 7
405 41
7 901
60 89
11 62
16 000000
52 102454
10040 98
xfff de
3 289
6 723
28 26
5 206
5 136
xff fbf
69 98
36 49
5 788
6 419
d ded
1400 412
98 00040
401 73
105 58
0 203
5 395
6 776
1400 367
68 71
80 101
88 70
25 49
330 5
5 725
40 169
87 20
bff bb
4033 7
60 52
63 59
548 1
8888 88
65 18
25 79
63 15
570 9
1 133
5 767
30 26
38 18
55 78
40 426
1400 261
56 76
56 96
63 26
95 90
65 13
65 736
69 42
228 6
40 608
71 12
xa baba
56 79
99 30
3 208
12 41
72 54
66 92
140025 2
40 603
15 61
ec cd
10040 31
74 000001
28 000
70 26
fd ca
58 22
8 485
41 202
65 43
85 90
55 19
8000 7
5 439
73 28
68 37
58 86
33 22
1000 57
900 9
10010 28
736 16
12 59
410 10
45 455
25 36
40 417
40 205
75 52
78 34
403 10
77 38
99 44
428 72
2 143
40 179
48 244
38 303
23 53
61 28
xbe be
4038 6
8080 80
20 92
68 49
58 55
62 18
130 10000
69746 172
1400 264
77 06
85 50
56 95
22 773
405 48
0 508
6 429
8 750
9 855
13 61
19 86
1 129
60 33
60 21
405 27
xeb fffff
3 123
3 135
6 101
75 21
38 52
13 27
13 67
558 5
260 1
350 1
7 161
9 0004
12 97
69 99
4039 8
5 476
6 232
e eab
40 503
68 26
4029 2
5 137
83 47
10012 34
4039 1
3 189
76 58
77 46
89 104
407 134
6 0003
6 261
1400 414
23 59
405 12
xfe fc
4070 78
0 380
8 413
38 97
02 44
91 10
10010 54
86 46
40 206
61 18
eff be
100 181
68 31
5 739
405 75
406 15
4272 20
6 463
6 499
59 55
890 14
70 36
52 63
168 7
32 39
230 4
75 55
79 88
ee ca
10040 96
70 12
13 32
78 47
69 14
4589 0040
8 102
72 006
403 45
270 1
6 288
19 12
2 397
40 143
30 100
60 56
850 2
270 3
401 75
272 10
290 9
5 294
6 271
40 671
41 001
cd bdbbc
29 47
700 45
4011 98
30 94
58 54
63 27
34 73
403 42
59 99
402 41
14 96
58 42
56 71
67 11
62 28
403 12
404 45
406 90
14002 44
6 1007
60 73
89 99
69 85
406 11
20 96
79 23
22 72
32 72
405 18
220 2
10011 74
6 308
7 284
100 157
12 55
76 98
16 49
302 45
590 6
12 773
12 373
13 33
79 42
4090 6
766 0001
2 412
80000 2
118 6
9 382
58 49
56 98
70 28
90 99
10040 47
300 22
5 423
1400 482
50 96
60 32
78 69
25 68
84 14
97 30
03 308
14002 42
6 423
6 681
89 98
xfffffd cc
0 179
13 39
13 92
90 38
90 56
53 23
5 159
89 83
16 55
53 27
10010 10
9 380
70 32
11 71
77 49
28 93
73 66
1001 104
dda b
5 155
50 97
60 19
60 36
128 6
4030 9
4025 2
51 15
9 750
13 95
78 54
xff ba
575 9
16 69
6 142
9 908
40 367
26 49
26 29
4070 10
6 753
17 96
10011 10
80 43
11 67
35 22
3 463
7 758
38 57
23 55
93 58
124 0000
5 402
5 787
12 61
39 480000
65 42
25 98
79 68
406 44
300 27
830 5
4080 3
6 209
40 460
89 64
72 66
33 000
59 14
403 64
4012 44
6 262
401 90
407 16
6 158
10 181
14002 41
3 144
00 98
402 66
10040 34
10010 44
260 4
7 189
72 11
40 496
75 71
1002 19
6 402
50 63
38 29
58 73
66 29
4050 9
28 32
12 91
39 42
2 163
40 418
20 63
56 42
23 26
408 21
6 455
248 7
6448 804
7 383
52 19
5 165
28 95
85 0040
60000 000
7272 30
760000 15
7 144
15 92
39 490000
01 10
102 4074
1 139
6 456
16 42
65 92
401 30
7 162
40 632
60 69
15 31
12 66
72 93
408 22
1001 78
238 4
33 000002
59 98
40 451
50 23
xffffffff a
83 004
66 96
56 37
3100 0001
40 208
63 68
08 10
408 12
10040 99
300 28
5 133
8 106
40 424
12 33
84 41
36 18
409 10
120 20
580 5
100 207
65 46
53 13
405 60
8 490
000 17
88 75
35 24
6 703
eb fffe
3 146
5 894
6 498
6 205
32 002
93 30
aff bc
6 479
77 36
50 31
53 67
403 28
402 694
401 78
8 134
60 830
2000 4
48890 44
2 747
3 694
6 906
00 7200
0000 20
70 97
72 94
404 41
fffd a
mov h
ff fbc
19 22
404 48
406 12
412 00
4058 7
12 31
39 23
402 17
10040 44
470 280
290 5
2 142
2 636
20 97
60 34
16 93
56 68
545 41
100 280
62 38
403 49
4071 28
40 438
73 58
79 900
63 51
302 454
2 797
5 209
40 457
18 29
74 71
15 45
65 25
63 11
40 469
40 808
89 39
26 13
06 0003
73 38
58 44
69 29
5 486
12 56
65 41
53 000
23 56
14003 27
5 433
8 460
18 33
77 68
69 22
52 46
405 000
4080 9
4029 9
60 95
85 49
69 32
8100 0001
1789 168
1400 384
73 33
89 0045
29 13
ce fba
67 44
400000 15
0 801
67 45
428 50
808 43
6 7400
6 398
22 000
36 72
36 16
272 4
233 2
4053 40
76 68
19 54
768 4
5000 40
10010 48
100 0003
60 57
40 191
17 99
53 11
26 58
10040 86
5 107
5 289
6 503
77 84
65 93
32 42
81 18
404 77
2 183
ffff cd
402 30
406 50
14002 45
407 40
4038 5
38 92
63 21
2000 5
4090 9
v movsd
03 306
405 13
406 16
168 1
270 7
083 0000
cvt sd
3200 3000
5 729
6 309
36 60
403 19
403 54
300 25
1003 70
9 804
10 428
100 208
72 24
16 96
56 41
78 33
29 99
61 14
5 683
100 253
32 44
4039 6
3 439
00 85
16 59
19 69
19 000000
71 14
408 38
77 25
300 37
4058 5
40 497
90 31
4000 4
627 144
40 436
40 183
65 33
558 6
58 33
19 35
25 27
26 24
403 18
5 776
40 506
36 50
36 24
98 48
5 498
5 763
6 333
13 23
25 94
xeb fffffe
4090 7
6 476
00 69
12 52
80 42
59 68
401 180
220 7
5 393
41 773
28 82
60 93
29 15
2 141
8 855
19 66
56 92
4039 2
0956 483
6 401
100 499
59 86
403 75
0 10220
100 164
22 39
300 35
0 472
8 103
50 64
38 2444
90 98
102 4070
413 73
6 302
6 152
100 134
100 471
30 61
xa ffb
67 14
52 72
766 000
fcd fb
4865 0002
80 72
403 39
3000 6200
138 2
3 207
6 903
7 805
80 5600
16 79
53 66
36 70
1 754
40 502
5 424
5 478
5 471
18 97
1400 398
78 73
10040 48
580 2
00 93
41 100
58 29
79 71
87 89
270 6
58 000000
02 4848
002 464
5 126
8 282
3 125
6 788
40 726
30 55
38 95
60 54
56 46
480 78
565 9
6 226
8 284
38 67
79 12
85 43
69 21
99 84
1001 288
5 733
40 606
77 62
19 82
2 489
40 237
81 120020
685 30
880 3
7272 0001
69 33
402 10
1001 76
4830 2444
7276 0001
2 758
68 000002
58 52
405 10
5959 00
2 232
6 461
8 4689
40 798
28 72
16 99
56 24
5 727
8 704
77 87
73 42
19 47
10040 46
5 798
9 468
100 205
12 51
13 51
5 399
40 898
78 53
55 72
36 22
743 774
0 207
8 430
00 57
40 537
68 244
92 25
138 1
4080 2
10047 9250
58 23
63 43
4055 1
6 796
30 11
58 82
76 57
cd fbd
68 23
60 31
89 00000
29 24
79 22
36 28
2 505
70 27
98 85
62 14
5309 74
5 147
6 403
6 126
7 419
70 91
0 142
2 439
5 456
6 102
16 66
65 11
6 685
e fffffe
q dq
100 483
75 47
5 469
5 259
ff fdb
69 49
4060 5
3 259
6 705
77 44
72 45
16 31
65 15
5 419
6 462
1400 254
70 31
25 54
36 39
2 104
6 747
40 187
1400 456
89 55
183 48
70 23
409 24
5 146
1400 395
33 42
90 35
53 29
548 7
70 99
60 13
56 34
63 19
8 444
15 27
39 22
65 61
53 12
408 23
65 95
89 16
08 244
5000000 2
2 121
6 726
7 803
60 67
39 51
69 19
52 29
32 58
4075 22
28 83
90 100
88 14
405 25
10 191
75 31
0000 41
35 18
403 68
272 5
40 198
75 63
12 57
79 29
4820 2444
20 67
39 24
59 73
62 23
429 401
500 674
5589 01
3 134
1400 332
76 64
56 26
ee dfe
403 16
4090 18
2 153
6 436
66 302
99 60
14003 40
14003 29
4210 90
77 98
406 72
2 189
40 634
83 0003
97 20
6 779
00 84
59 93
22 29
425 447
2 455
6 153
7 000002
75 99
58 81
58 51
39 52
72 15
53 41
2 122
77 71
28 39
28 87
19 85
404 75
9 898
78 000
25 69
22 41
228 4
1200 2005
3 452
ffff ca
28 62
10010 30
40 890
58 36
90 18
19 43
08 14
0 159
5 666
65 57
52 76
62 69
qrt ss
402 14
4025 7
5 735
6 335
9 420
100 244
60 55
15 71
39 45
90 96
25 13
403 23
75 004
78 37
79 14
62 45
4080 7
0 105
2 149
6 439
63 29
02 0000
40 783
407 28
48348 90
4030 60
28 27
33 68
25 35
81 50
1001 124
3 773
100 496
100 592
1400 400
85 15
23 39
55 43
98 60
82 11
200 50
687 420
5 135
40 181
28 13
26 68
405 53
405 282
3 758
6 203
28 44
19 45
405 70
10011 40
2 498
350 2
2 403
8 603
28 49
14003 24
afb dbbc
40 4800
40 161
xa fdf
78 56
59 22
52 12
407 80
4589 4800
3302 75
3 608
100 335
18 31
63 45
2 413
3 747
83 44
58 34
55 51
2 166
5 185
6 505
7 444
40 754
100 464
77 24
69 35
37 48
14 61
80 95
85 41
5 196
7 139
33 23
36 27
93 77
406 48
447 434
28 31
19 31
746 567
5 536
40 188
28 96
13 49
83 57
59 85
75 64
xf eef
19 42
63 46
9 204
30 62
38 65
402 79
178 6
10011 50
3 669
ce fdbbc
91 38
404 74
589 9
4079 4
8300 20
6 139
40 472
88 81
55 57
407 48
10040 43
40 488
13 65
49 000003
66 21
67 000005
7400 39
4011 74
8 384
75 34
38 62
19 67
36 45
14003 42
3 141
xe bec
409 15
405 584
178 2
6 306
8 604
40 439
30 67
12 62
406 20
250 7
10011 38
5 179
13 91
2 749
58 53
19 33
59 29
32 45
66 24
22 61
34 42
52 15
90000 1
39 56
25 26
71 68
5 501
100 283
77 82
70 52
72 31
19 56
23 79
3 133
9 144
39 91
78 29
72 142
65 36
32 68
858 8
657 469
5 292
5 599
12 21
76 11
16 54
88 000001
590 3
3 433
f m
30 27
58 84
72 27
406 42
3 388
6 688
38 86
39 68
4012 54
4022 90
3 107
40 779
73 98
37 68
230 9
340 52
1 145
77 92
78 44
19 52
85 0041
10008 6
3 286
40 485
56 27
55 18
5 461
28 65
408 20
406 78
14003 21
2 423
3 122
5 166
1400 446
78 11
79 35
55 13
406 18
406 24
8 788
00 89
56 21
403 70
bff bc
0 888
6 727
41 208
58 62
407 17
247 2
258 7
2 762
30 57
38 91
79 84
845 1
0 206
100 299
80 17
69 37
401 288
548 2
4100 7
2 664
68 87
250 10000
283 48
4025 1
5 193
40 423
28 22
410 26
505 20
4011 18
5 726
40 189
40 152
19 23
4036 2
0 4343
74 95
118 2
3 235
79 32
55 52
4079 70
5 598
40 147
77 35
38 63
89 52
89 0001
39 33
10040 41
750 10000
2 132
6 413
6 122
40 444
17 15
29 23
410 18
248 1
358 5
3 182
5 436
9 495
40 262
70 59
19 26
25 21
69 88
850 48
10 400
402 49
406 17
4011 28
2 144
2 496
3 231
8 403
60 92
11 96
69 67
233 43
5 413
75 35
77 28
22 79
55 49
0 183
9 000003
00 52
57 13
220 6
4011 64
1 144
64 42
62 47
6 145
7 903
55 41
0 301
1 154
6 299
10 134
27 15
86 58
800 10108
418 80
558 2
4013 30
00 82
11 95
11 773
67 43
8 481
40 680
1400 362
12 000
19 65
2 753
5 723
6 709
53 64
37 0000
cff bc
3 635
70 96
78 41
41 003
22 47
36 33
409 36
9 7501
19 63
56 35
404 000
4035 1
aba bab
5 283
77 37
80 800
22 12
95 28
10040 85
3 171
7 108
7 908
1400 415
403 53
40 164
69 41
23 52
84 42
5 422
13 142
278 4
5 183
73 44
402 74
cbd ba
2 778
3 479
6 149
6 127
xff bd
29 33
59 79
69 82
5 169
18 27
77 94
23 54
63 000000
08 72
218 7
909000 42
6 179
cmp sq
30 65
72 006100
cd bec
19 27
69 12
4589 7
59 890
23 62
407 41
40 156
40 684
77 31
16 64
67 89
401 304
7 158
39 21
17 12
37 46
4244 48
56 000
403 57
5 766
5 398
23 57
98 68
858 4
0 908
7 411
8 763
14 408
30 92
76 59
16 62
66 27
63 56
403 77
40 222
55 21
35 29
03 10
7474 7475
6 466
7 467
39 79
83 22
26 44
87 80
6 129
v fm
00 66
40 770
40 493
14 599
72 67
33 79
76 19
25 43
35 44
406 77
3 103
3 482
26 42
3 749
6 422
6 256
40 184
100 302
100 683
1400 425
80 78
80 120020
4038 2
3 283
40 635
36 46
6 204
8 409
16 52
55 68
428 85
4070 5
10 253
58 64
19 87
xeb ffcf
409 12
2 689
9 415
58 65
11 97
75 000878
xd ffff
74 0040
76 15
590 2
5 412
39 82
402 28
10045 82
2 452
40 669
89 144
08 38
2 734
6 706
70 82
72 34
408 30
1002 24
748 1
4056 2
40 571
403 56
3 601
00 100
58 57
39 97
23 61
4059 7
3 413
29 53
56 44
0 333
6 202
7 753
70 33
406 43
78 71
23 69
22 49
244489 48000000
16 00000
75 65
12 71
19 71
03 11
408 000
409 20
41 1000
12 63
13 66
4012 58
382 454
4042 46
28 91
25 59
407 144
4622 24
5 569
28 71
13 31
26 22
52 79
62 11
2 129
29 94
26 33
5 198
00 56
38 66
373 4
4025 9
3 696
7 801
68 21
25 44
63 54
57 11
290 6
9 703
40 199
40 281
100 390
30 54
39 73
29 36
407 000
845 4
740 28
6 482
40 192
75 87
1400 436
xbd bd
fffb fff
2 124
5 669
9 901
40 171
30 64
58 66
403 21
408 13
Ġsto sw
25 23
23 64
10010 58
580 9
4029 5
5 255
75 82
1400 371
76 42
2 139
25 33
500 40
10011 64
0 602
80 808
408 46
406 194
5 493
6 758
xb ffff
xffffffff eb
170 77
486 793
568 90
4059 9
0 201
1 121
83 56
29 56
27 607
1001 148
6 198
39 43
xff ca
56 470174
63 52
91 72
10040 67
242 47
2 419
6 393
8 487
40 785
75 27
406 13
40 287
65 55
div ss
98 248
405 15
100 726
xff cb
36 78
70 92
85 003
23 45
51 18244
407 90
5 335
8 109
15 91
76 95
25 15
53 49
37 44
35 16
3 497
59 44
5 123
8 388
69 007
589 8
1 153
40 733
77 64
68 97
228 3
6 305
7 755
40 437
40 498
19 91
57 15
403 55
5 286
6 189
40 536
75 23
43 603
16 71
53 22
cf bbd
10040 52
1002 79
4090 10
5 226
6 905
7 101
75 56
72 62
405 47
004 74
768 8
4042 50
0 805
40 231
73 37
83 660
29 81
29 86
408 64
5 463
77 65
77 34
77 61
76 94
220 9
00 59
40 466
41 105
100 232
11 69
66 45
66 91
3 778
77 93
76 41
402 63
4037 1
5 257
8 201
29 43
63 12
26 19
402 25
408 77
425 24
7200 73
6 901
40 153
28 67
25 39
29 22
8000 80
2 169
40 433
40 165
58 37
59 65
02 40
402 16
400 42
40 416
40 429
27 000000
408 10
697 463
5 298
8 209
l gdt
83 24
54 42
403 58
06 0004
6 137
40 652
19 32
56 32
54 000
86 68
300 34
039 4
aes en
40 264
sca sq
085 4800
1880 84
1400 433
77 32
89 17
89 51
405 79
2 389
30 23
59 35
409 39
3 453
5 432
5 563
6 739
55 15
37 18
405 16
0 471
6 431
6 119
40 491
28 0000
82 7999
120 604
4059 8
2 422
2 779
6 106
40 167
89 47
55 44
403 60
480000 12
5 777
8 383
59 53
26 43
26 79
403 76
10040 70
5 426
000 45
4029 6
6 652
30 69
74 91
59 83
56 006
79 85
08 502
5 484
77 13
28 23
33 64
402 000
0 109
6 222
55 71
565 00
19 46
25 32
408 28
406 45
580 7
04343 52
3 159
89 70
76 56
25 42
3 688
3 156
89 13
72 53
33 63
69 93
52 47
09 20
60 63
60 91
72 000
65 21
62 12
402 42
10040 49
7400 41
4056 9
6 289
80 93
72 98
90 77
03 107
406 14
416 188
748 2
4025 3
9 490
58 27
409 50
dffff e
40 196
58 13
65 27
72 56
40 737
14 4018
6 147
40 420
69 96
35 27
402 69
bfd bac
7 103
9 723
40 495
75 81
46 900
89 0048
59 41
409 16
480000 3
178 5
317 40
1 157
18 245
30 96
58 71
63 24
26 12
26 21
408 41
230 6
908 43
4058 3
1 135
8 637
70 446
78 86
33 24
408 18
409 53
10011 70
218 1
3 142
6 196
22 21
27 201
52 142454
4080 6
830000 1
8 608
73 36
12 65
xff dc
87 28
4088 4
6 298
6 749
100 399
90 46
56 453
406 76
6 689
80 39
69 52
405 38
830000 08
movh lps
3 422
9 708
75 91
65 32
10040 82
14003 20
313 63
3 427
40 459
30 71
74 94
85 890000
67 46
6 509
2000 7
565 4
30 19
72 59
76 44
53 62
405 66
2 298
28 97
409 13
58 21
16 410
1003 14
10010 38
409 14
3 469
8 152
40 654
100 736
89 0046
80 64
29 27
81 77
2 499
6 756
40 236
29 57
32 46
92 42
75000 478
4828 2444
10 164
16 0000
79 18
408 25
300 50
6 171
8 778
8 664
81 68
401 77
1001 134
4069 1
40 422
38 23
33 12
29 66
408 14
404 70
2 751
1400 337
38 54
89 85
39 71
33 0040
82 77
97 80
6 133
40 333
40 664
xffff bfff
8397 438
1 122
3 708
5 131
59 96
69 27
168 6
3 132
3 701
00 3200
30 91
78 87
65 49
69 23
52 49
32 41
290 7
270 5
4069 9
ffff ce
100 669
1400 413
403 11
403 65
405 80
407 60
80000 04
5 295
7 102
40 447
100 236
70 66
63 23
61 15
409 74
850 6
3 483
7 905
85 11
55 22
743 77427
5 497
6 502
40 185
000 101
6 427
00 77
74 96
25 99
00000 17
2 459
40 154
83 72
31 12
bff bfc
260 9
26 47
272 9
007 000
68 34
59 34
56 11
55 47
789 04
4189 1
0 389
2 696
3 406
40 532
70 93
33 52
35 12
2 736
6 123
7 106
40 461
90 64
90 91
69 71
03 14
2 431
ffff cf
13 71
78 82
79 98
2 119
6 798
69 86
558 7
fffd d
5 121
8 116
100 252
70 34
68 61
39 383
65 51
1005 29
4030 80
10098 38
5 127
73 18
78 36
22 46
55 11
14003 15
77 95
89 86
59 15
56 31
56 97
689 48
590 5
4022 70
3 409
1400 334
77 23
fff de
2 147
75 96
60 94
72 000003
88 000000
3 723
80 97
78 42
fe ced
37 28
290 3
6 259
9 00040
40 182
50 61
32 47
545 40
5 132
5 282
5 761
5 535
75 86
77 14
407 14
4025 5
2 179
6 337
22 65
405 24
3 426
6 192
9 890
38 71
70 7474
13 000000
25 56
406 46
406 19
0 438
18 803
402 11
590 7
6 301
40 471
75 11
75 94
64 000
502 42444
4056 1
2 752
73 92
58 69
39 660000
90 28
ri z
228 1
4069 3
3 752
6 187
6 159
7 462
17 95
59 42
26 39
406 75
406 23
35 59
4011 90
3 451
100 237
0000 42
73 32
4059 1
40 636
41 699
30 93
70 95
25 61
401 765
09 11
72 19
90 93
59 00000
98 83
81 60
538 1
4055 5
989 680
9 450
77 12
406 28
168 2
5 507
8 686
40 334
77 96
418 40
270 2
8 105
41 008
50 66
33 61
14003 11
xaaaaaa aa
6 307
65 91
79 26
402 19
4029 1
4059 2
8 725
9 408
40 492
406 39
38 84
89 25
29 93
69 97
79 63
36 41
08 39
406 79
845 9
330 9
0 479
2 469
3 788
40 428
20 468
405 40
1 769
3 703
8 463
8 143
v addsd
100 493
20 100
72 97
33 13
83 13
5 721
5 722
403 25
xea ff
0 289
1 156
2 123
6 708
7 179
100 309
330 27
6 657
58 67
33 67
408 43
408 27
405 33
6 167
7 756
8 422
80 57
56 47
88 49
26 11
4070 44
4058 4
5 427
40 286
50 67
29 82
883 4
246 489
5 144
6 755
78 31
76 55
25 11
742 97
6 434
77 15
70 57
ae fba
80 91
29 72
35 72
406 29
342 444
4021 20
27 19
10040 45
260 60000
0 209
2 157
5 765
76 54
6 382
73 22
ae bdbbc
78 61
85 39
4058 1
4016 00
5 732
6 283
8 188
48 247
75 93
69 87
58 31
55 12
0 420
0 106
0 680
40 563
5 186
100 492
83 76
66 71
568 1
4085 1
2 167
40 146
40 193
85 78
59 64
63 388100
67 15
02 41
405 78
3 704
6 467
100 256
83 77
36 68
4489 48
7 288
10 201
59 36
22 26
81 74
568 4
60 446
400 88
178 1
40 235
77 86
402 76
14003 28
6 751
00 87
44 689
59 24
79 82
be ffff
403 59
405 23
233 17
6 334
8 237
40 1004
19 53
62 66
700 49
6 395
75 67
43 7400
11 201
405 73
406 30
658 4
6 444
9 418
9 763
40 397
xff cd
25 0000
6400 65
5 122
5 236
80 70000
39 85
78 21
59 33
405 58
405 65
14003 38
658 310
206 70
3 459
5 382
40 335
73 27
73 67
49 00000
177 1
3 1000
3 183
3 532
63 71
95 24
1001 184
4058 6
30000 000
3 407
3 602
8 156
19 51
408 48
028 06
7 689
40 430
40 194
73 41
70 62
32 29
fffd c
3 607
60 66
80 92
16 51
69 43
79 19
720 814
92492 493
9 280
25 41
02 74
405 42
883 2
117 303
4030 28
4033 10
7 388
39 94
79 31
22 15
10040 94
4070 80
5 496
5 663
6 484
9 403
40 195
100 197
65 24
66 94
82 14
560 42444
3 193
100 398
56 19
4083 7
5 421
5 293
40 421
72 26
08 15
4589 20
40 667
42 0000
18 468
1400 442
83 62
5 285
100 285
80 34
58 63
69 36
405 90
260 7
7300 73
3 598
40 765
60 97
79 27
405 30
405 21
409 61
1001 100
353 1
5 162
00 86
40 234
48 307
50 890
70 67
29 95
409 19
448 58
660 876
4014 14
2 1003100
6 201
6 399
40 486
70 49
70 54
25 66
59 84
59 21
408 26
438 40
8 406
70 37
90 26
76 71
17 19
79 81
14003 18
3100 3300
7 754
10 305
100 303
408 70
8 416
59 51
408 29
896 65
5 207
9 430
40 494
100 235
69 15
63 55
36 43
2 462
39 19
39 62
79 52
8 433
77 67
22 19
4030 30
4079 2
1 132
73 21
39 46
35 68
5 504
6 253
4056 4
3 411
22 69
402 24
408 63
73 93
39 87
29 51
10040 51
3000 3000
2 451
100 154
18 900
77 26
65 45
59 43
405 59
6 506
40 431
39 84
25 96
22 27
98 28
92 44
406 33
4055 4
3 429
6 729
1002 15
200 42
350 7
217 43
3 465
5 457
6 507
100 396
433 4800
173 174
4029 7
5 222
19 62
36 48
405 28
14003 14
9080 706
2 254
3 149
6 424
73 96
85 24
79 44
403 38
228 7
4030 40
40 788
89 93
xff da
23 15
cf bbb
95 30
02 50
40 155
65 71
35 46
98 3068
31 78
410 36
475 03
233 5
3 457
7 165
ffff bf
40 886
79 25
033 5
3 472
5 234
6 785
40 631
28 57
83 70
56 45
56 94
0 205
5 734
10 207
89 78
61 13
92 40
418 50
2 133
39 64
4089 2
5 1000
9 405
42 890
100 336
xbd bdb
prefetch w
41 254
80 99
19 97
22 13
4090 90
6 759
40 226
1400 352
70 29
406 47
1001 68
14003 54
420 65
218 2
7272 7201
6 107
8 469
40 750
77 21
69 55
858 5
4036 1
7 451
9 680
22 11
409 17
xaf de
228 9
26 71
177 9
5 411
70 64
39 13
76 46
880 5
824 14
c q
73 43
7500 67
258 1
590 9
cq o
6 197
ffffffff ffffffe
38 244
25 93
59 46
408 16
2 126
40 453
59 95
98 44
52 66
405 74
406 41
417 10
2 393
19 95
88 87
52 33
01 18
1 685
40 267
41 171
75 95
29 32
69 81
033 00
3 725
86 27
91 60
40 159
40 197
40 759
1400 331
11 732
25 47
53 570
37 42
402 68
14003 46
4072 30
710 45
072 13
2 698
80 76
4039 10
4601 75
3 769
9 180
10 255
35 740031
405 49
383 48
258 4
6 421
9 158
28 92
22 43
52 45
14003 13
2 407
3 109
3 606
5 492
8 163
40 687
100 498
406 25
2 466
5 662
5 182
5 195
9 188
10 289
79 33
79 69
21 763
408 78
ffb fd
3 505
90 36
408 49
4035 2
2 429
3 288
7 894
7 285
80 71
90 25
32 12
658 6
373 5
2 162
5 199
6 722
77 69
70 19
80 94
66 35
4244 489
7 455
40 776
40 207
41 8004
850 5
2700 7300
2 156
40 698
23 19
91 20
1001 180
218 5
a ffffe
73 45
406 70
438 44
80 66
62 29
40 769
247 1
4071 40
2 767
5 792
40 284
100 201
72 720073
90 16
85 98
59 81
409 73
4059 3
2 411
2 493
5 337
6 155
6 385
39 12
78 806
90 62
83 17
25 46
25 19
88 19
35 73
10011 60
3 419
3 705
6 784
38 22
9 603
p f
40 332
58 26
xeb fffffd
4589 084
4030 69
40 166
30 97
39 63
10040 54
083 00
6 493
